lambda, scat (m2), scat/geo
300	1.82051e-13	10.302
303.01	1.80827e-13	10.2327
306.02	1.79605e-13	10.1636
309.03	1.78365e-13	10.0934
312.04	1.77089e-13	10.0212
315.05	1.75761e-13	9.94605
318.06	1.74366e-13	9.8671
321.07	1.72895e-13	9.78383
324.08	1.71343e-13	9.696
327.09	1.69711e-13	9.60371
330.1	1.68007e-13	9.50724
333.11	1.66235e-13	9.407
336.12	1.64404e-13	9.30337
339.13	1.62516e-13	9.19655
342.14	1.60572e-13	9.08652
345.151	1.58566e-13	8.97299
348.161	1.56489e-13	8.85546
351.171	1.5433e-13	8.73329
354.181	1.52078e-13	8.60586
357.191	1.49725e-13	8.4727
360.201	1.47267e-13	8.3336
363.211	1.44707e-13	8.18874
366.221	1.42056e-13	8.03873
369.231	1.39333e-13	7.88462
372.241	1.36562e-13	7.72785
375.251	1.33777e-13	7.57022
378.261	1.31012e-13	7.41375
381.271	1.28305e-13	7.26058
384.281	1.25694e-13	7.11284
387.291	1.23215e-13	6.97254
390.301	1.20899e-13	6.8415
393.311	1.18774e-13	6.72121
396.321	1.16859e-13	6.61287
399.331	1.1517e-13	6.51726
402.341	1.13713e-13	6.43485
405.351	1.12491e-13	6.3657
408.361	1.115e-13	6.30958
411.371	1.10729e-13	6.26598
414.381	1.10167e-13	6.23416
417.391	1.09796e-13	6.2132
420.401	1.09599e-13	6.20205
423.411	1.09556e-13	6.19961
426.421	1.09646e-13	6.20472
429.431	1.0985e-13	6.21625
432.441	1.10148e-13	6.23311
435.452	1.10522e-13	6.25425
438.462	1.10954e-13	6.27871
441.472	1.11429e-13	6.30561
444.482	1.11934e-13	6.33418
447.492	1.12456e-13	6.36372
450.502	1.12985e-13	6.39362
453.512	1.1351e-13	6.42337
456.522	1.14026e-13	6.45252
459.532	1.14523e-13	6.4807
462.542	1.14998e-13	6.50757
465.552	1.15446e-13	6.53288
468.562	1.15861e-13	6.55641
471.572	1.16242e-13	6.57796
474.582	1.16586e-13	6.5974
477.592	1.1689e-13	6.6146
480.602	1.17153e-13	6.62948
483.612	1.17373e-13	6.64195
486.622	1.1755e-13	6.65198
489.632	1.17684e-13	6.65954
492.642	1.17774e-13	6.66464
495.652	1.1782e-13	6.66727
498.662	1.17824e-13	6.66748
501.672	1.17786e-13	6.66531
504.682	1.17707e-13	6.66084
507.692	1.17588e-13	6.65414
510.702	1.17432e-13	6.6453
513.712	1.1724e-13	6.63443
516.722	1.17014e-13	6.62164
519.732	1.16756e-13	6.60705
522.742	1.16469e-13	6.59079
525.753	1.16154e-13	6.57298
528.763	1.15814e-13	6.55374
531.773	1.15451e-13	6.53322
534.783	1.15068e-13	6.51152
537.793	1.14666e-13	6.48876
540.803	1.14247e-13	6.46506
543.813	1.13813e-13	6.44051
546.823	1.13366e-13	6.41522
549.833	1.12908e-13	6.38927
552.843	1.12439e-13	6.36273
555.853	1.11961e-13	6.33569
558.863	1.11475e-13	6.30818
561.873	1.10982e-13	6.28027
564.883	1.10482e-13	6.25199
567.893	1.09976e-13	6.22338
570.903	1.09465e-13	6.19447
573.913	1.08949e-13	6.16527
576.923	1.08428e-13	6.1358
579.933	1.07903e-13	6.10606
582.943	1.07373e-13	6.07606
585.953	1.06838e-13	6.0458
588.963	1.06299e-13	6.01528
591.973	1.05755e-13	5.9845
594.983	1.05206e-13	5.95343
597.993	1.04652e-13	5.92209
601.003	1.04093e-13	5.89046
604.013	1.03529e-13	5.85852
607.023	1.02959e-13	5.82628
610.033	1.02383e-13	5.79372
613.043	1.01802e-13	5.76082
616.054	1.01215e-13	5.7276
619.064	1.00622e-13	5.69402
622.074	1.00022e-13	5.6601
625.084	9.94164e-14	5.62582
628.094	9.88042e-14	5.59117
631.104	9.81854e-14	5.55616
634.114	9.75601e-14	5.52077
637.124	9.69282e-14	5.48502
640.134	9.62897e-14	5.44888
643.144	9.56445e-14	5.41237
646.154	9.49926e-14	5.37548
649.164	9.4334e-14	5.33821
652.174	9.36689e-14	5.30057
655.184	9.29971e-14	5.26256
658.194	9.23188e-14	5.22418
661.204	9.16341e-14	5.18543
664.214	9.0943e-14	5.14632
667.224	9.02456e-14	5.10685
670.234	8.9542e-14	5.06704
673.244	8.88324e-14	5.02689
676.254	8.81169e-14	4.9864
679.264	8.73957e-14	4.94558
682.274	8.66689e-14	4.90446
685.284	8.59367e-14	4.86302
688.294	8.51993e-14	4.8213
691.304	8.4457e-14	4.77929
694.314	8.37099e-14	4.73701
697.324	8.29582e-14	4.69448
700.334	8.22023e-14	4.6517
703.344	8.14424e-14	4.6087
706.355	8.06788e-14	4.56548
709.365	7.99117e-14	4.52207
712.375	7.91414e-14	4.47849
715.385	7.83682e-14	4.43473
718.395	7.75925e-14	4.39084
721.405	7.68145e-14	4.34681
724.415	7.60345e-14	4.30267
727.425	7.5253e-14	4.25845
730.435	7.44701e-14	4.21415
733.445	7.36863e-14	4.16979
736.455	7.29019e-14	4.1254
739.465	7.21171e-14	4.08099
742.475	7.13324e-14	4.03659
745.485	7.0548e-14	3.9922
748.495	6.97643e-14	3.94785
751.505	6.89816e-14	3.90356
754.515	6.82002e-14	3.85934
757.525	6.74205e-14	3.81522
760.535	6.66427e-14	3.7712
763.545	6.58671e-14	3.72731
766.555	6.5094e-14	3.68357
769.565	6.43238e-14	3.63998
772.575	6.35566e-14	3.59657
775.585	6.27928e-14	3.55335
778.595	6.20327e-14	3.51033
781.605	6.12764e-14	3.46753
784.615	6.05242e-14	3.42497
787.625	5.97763e-14	3.38265
790.635	5.9033e-14	3.34059
793.645	5.82945e-14	3.29879
796.656	5.75609e-14	3.25728
799.666	5.68325e-14	3.21606
802.676	5.61094e-14	3.17514
805.686	5.53918e-14	3.13453
808.696	5.46798e-14	3.09425
811.706	5.39737e-14	3.05429
814.716	5.32735e-14	3.01466
817.726	5.25793e-14	2.97538
820.736	5.18913e-14	2.93645
823.746	5.12096e-14	2.89787
826.756	5.05343e-14	2.85966
829.766	4.98654e-14	2.82181
832.776	4.92031e-14	2.78433
835.786	4.85475e-14	2.74723
838.796	4.78985e-14	2.7105
841.806	4.72563e-14	2.67416
844.816	4.66208e-14	2.6382
847.826	4.59922e-14	2.60263
850.836	4.53705e-14	2.56744
853.846	4.47556e-14	2.53265
856.856	4.41477e-14	2.49825
859.866	4.35467e-14	2.46424
862.876	4.29527e-14	2.43063
865.886	4.23656e-14	2.3974
868.896	4.17855e-14	2.36458
871.906	4.12123e-14	2.33214
874.916	4.06461e-14	2.3001
877.926	4.00868e-14	2.26845
880.936	3.95344e-14	2.23719
883.946	3.8989e-14	2.20632
886.957	3.84503e-14	2.17584
889.967	3.79185e-14	2.14575
892.977	3.73936e-14	2.11604
895.987	3.68754e-14	2.08672
898.997	3.63639e-14	2.05778
902.007	3.58592e-14	2.02921
905.017	3.53611e-14	2.00103
908.027	3.48696e-14	1.97322
911.037	3.43847e-14	1.94578
914.047	3.39063e-14	1.91871
917.057	3.34344e-14	1.892
920.067	3.2969e-14	1.86566
923.077	3.25099e-14	1.83968
926.087	3.20571e-14	1.81406
929.097	3.16106e-14	1.78879
932.107	3.11703e-14	1.76388
935.117	3.07362e-14	1.73931
938.127	3.03081e-14	1.71509
941.137	2.98861e-14	1.69121
944.147	2.94701e-14	1.66767
947.157	2.906e-14	1.64446
950.167	2.86557e-14	1.62158
953.177	2.82573e-14	1.59904
956.187	2.78646e-14	1.57681
959.197	2.74776e-14	1.55491
962.207	2.70961e-14	1.53333
965.217	2.67203e-14	1.51206
968.227	2.63499e-14	1.4911
971.237	2.59849e-14	1.47045
974.247	2.56253e-14	1.4501
977.258	2.5271e-14	1.43005
980.268	2.4922e-14	1.4103
983.278	2.45781e-14	1.39084
986.288	2.42393e-14	1.37166
989.298	2.39056e-14	1.35278
992.308	2.35768e-14	1.33417
995.318	2.32529e-14	1.31585
998.328	2.29339e-14	1.2978
1001.34	2.26197e-14	1.28002
1004.35	2.23103e-14	1.2625
1007.36	2.20054e-14	1.24525
1010.37	2.17052e-14	1.22827
1013.38	2.14096e-14	1.21153
1016.39	2.11184e-14	1.19505
1019.4	2.08316e-14	1.17883
1022.41	2.05492e-14	1.16284
1025.42	2.0271e-14	1.14711
1028.43	1.99971e-14	1.13161
1031.44	1.97274e-14	1.11634
1034.45	1.94618e-14	1.10131
1037.46	1.92002e-14	1.08651
1040.47	1.89427e-14	1.07193
1043.48	1.8689e-14	1.05758
1046.49	1.84393e-14	1.04345
1049.5	1.81933e-14	1.02953
1052.51	1.79512e-14	1.01583
1055.52	1.77127e-14	1.00233
1058.53	1.74779e-14	0.989046
1061.54	1.72467e-14	0.975961
1064.55	1.7019e-14	0.963077
1067.56	1.67948e-14	0.950391
1070.57	1.6574e-14	0.937898
1073.58	1.63566e-14	0.925596
1076.59	1.61426e-14	0.913483
1079.6	1.59318e-14	0.901555
1082.61	1.57242e-14	0.889809
1085.62	1.55198e-14	0.878243
1088.63	1.53186e-14	0.866853
1091.64	1.51204e-14	0.855637
1094.65	1.49252e-14	0.844593
1097.66	1.4733e-14	0.833716
1100.67	1.45437e-14	0.823005
1103.68	1.43573e-14	0.812456
1106.69	1.41737e-14	0.802068
1109.7	1.39929e-14	0.791838
1112.71	1.38149e-14	0.781762
1115.72	1.36395e-14	0.771839
1118.73	1.34668e-14	0.762066
1121.74	1.32967e-14	0.752441
1124.75	1.31292e-14	0.742961
1127.76	1.29642e-14	0.733623
1130.77	1.28017e-14	0.724426
1133.78	1.26416e-14	0.715367
1136.79	1.24839e-14	0.706444
1139.8	1.23286e-14	0.697654
1142.81	1.21756e-14	0.688995
1145.82	1.20248e-14	0.680466
1148.83	1.18763e-14	0.672063
1151.84	1.17301e-14	0.663786
1154.85	1.1586e-14	0.655631
1157.86	1.1444e-14	0.647597
1160.87	1.13041e-14	0.639681
1163.88	1.11663e-14	0.631883
1166.89	1.10305e-14	0.624199
1169.9	1.08967e-14	0.616628
1172.91	1.07649e-14	0.609168
1175.92	1.0635e-14	0.601817
1178.93	1.0507e-14	0.594574
1181.94	1.03808e-14	0.587436
1184.95	1.02565e-14	0.580402
1187.96	1.0134e-14	0.573469
1190.97	1.00133e-14	0.566638
1193.98	9.89433e-15	0.559905
1196.99	9.77706e-15	0.553268
1200	9.66148e-15	0.546728
