lambda, scat (m2), scat/geo
300	1.88693e-13	10.6778
303.01	1.87399e-13	10.6046
306.02	1.8593e-13	10.5215
309.03	1.84024e-13	10.4136
312.04	1.81548e-13	10.2735
315.05	1.78548e-13	10.1037
318.06	1.75226e-13	9.91576
321.07	1.71867e-13	9.72567
324.08	1.68752e-13	9.54941
327.09	1.66103e-13	9.39952
330.1	1.64068e-13	9.28434
333.11	1.62738e-13	9.20907
336.12	1.62176e-13	9.17728
339.13	1.62423e-13	9.19127
342.14	1.63478e-13	9.25094
345.151	1.6525e-13	9.35124
348.161	1.67519e-13	9.47964
351.171	1.6991e-13	9.61495
354.181	1.71919e-13	9.72865
357.191	1.72978e-13	9.78858
360.201	1.72553e-13	9.76452
363.211	1.70247e-13	9.63403
366.221	1.65884e-13	9.38712
369.231	1.59546e-13	9.02848
372.241	1.51566e-13	8.57687
375.251	1.42464e-13	8.0618
378.261	1.32863e-13	7.51853
381.271	1.23392e-13	6.98255
384.281	1.14593e-13	6.48463
387.291	1.06868e-13	6.04747
390.301	1.00448e-13	5.68417
393.311	9.54015e-14	5.39862
396.321	9.16662e-14	5.18725
399.331	8.90909e-14	5.04151
402.341	8.74837e-14	4.95057
405.351	8.66508e-14	4.90343
408.361	8.64227e-14	4.89053
411.371	8.66667e-14	4.90433
414.381	8.72859e-14	4.93937
417.391	8.82112e-14	4.99174
420.401	8.93888e-14	5.05837
423.411	9.07685e-14	5.13645
426.421	9.22959e-14	5.22288
429.431	9.391e-14	5.31422
432.441	9.55455e-14	5.40677
435.452	9.71391e-14	5.49695
438.462	9.86375e-14	5.58174
441.472	1.00005e-13	5.65914
444.482	1.01231e-13	5.7285
447.492	1.02329e-13	5.79066
450.502	1.03342e-13	5.84796
453.512	1.04331e-13	5.90393
456.522	1.05375e-13	5.96301
459.532	1.0656e-13	6.03004
462.542	1.07968e-13	6.10977
465.552	1.09677e-13	6.20647
468.562	1.11747e-13	6.32359
471.572	1.14219e-13	6.46346
474.582	1.17114e-13	6.62728
477.592	1.20432e-13	6.81506
480.602	1.24156e-13	7.0258
483.612	1.28252e-13	7.25761
486.622	1.32677e-13	7.50801
489.632	1.3738e-13	7.77414
492.642	1.42308e-13	8.05298
495.652	1.47408e-13	8.34158
498.662	1.52631e-13	8.63716
501.672	1.57934e-13	8.93725
504.682	1.6328e-13	9.23973
507.692	1.68636e-13	9.54285
510.702	1.73978e-13	9.84516
513.712	1.79287e-13	10.1455
516.722	1.84545e-13	10.4431
519.732	1.8974e-13	10.7371
522.742	1.94861e-13	11.0269
525.753	1.99898e-13	11.3119
528.763	2.04843e-13	11.5918
531.773	2.09688e-13	11.8659
534.783	2.14424e-13	12.1339
537.793	2.19044e-13	12.3954
540.803	2.23541e-13	12.6498
543.813	2.27908e-13	12.897
546.823	2.32141e-13	13.1365
549.833	2.36235e-13	13.3681
552.843	2.40187e-13	13.5918
555.853	2.43997e-13	13.8074
558.863	2.47664e-13	14.0149
561.873	2.51189e-13	14.2144
564.883	2.54573e-13	14.4059
567.893	2.57819e-13	14.5896
570.903	2.60929e-13	14.7656
573.913	2.63904e-13	14.9339
576.923	2.66746e-13	15.0947
579.933	2.69454e-13	15.248
582.943	2.72029e-13	15.3937
585.953	2.74469e-13	15.5318
588.963	2.7677e-13	15.662
591.973	2.78929e-13	15.7841
594.983	2.8094e-13	15.898
597.993	2.82799e-13	16.0032
601.003	2.845e-13	16.0994
604.013	2.86037e-13	16.1864
607.023	2.87403e-13	16.2637
610.033	2.88595e-13	16.3311
613.043	2.89608e-13	16.3884
616.054	2.90438e-13	16.4354
619.064	2.91085e-13	16.472
622.074	2.91549e-13	16.4983
625.084	2.9183e-13	16.5142
628.094	2.91934e-13	16.5201
631.104	2.91864e-13	16.5161
634.114	2.91629e-13	16.5028
637.124	2.91237e-13	16.4807
640.134	2.90699e-13	16.4502
643.144	2.90025e-13	16.4121
646.154	2.8923e-13	16.367
649.164	2.88325e-13	16.3159
652.174	2.87326e-13	16.2593
655.184	2.86247e-13	16.1983
658.194	2.85102e-13	16.1335
661.204	2.83907e-13	16.0659
664.214	2.82675e-13	15.9961
667.224	2.8142e-13	15.9251
670.234	2.80154e-13	15.8535
673.244	2.78889e-13	15.7819
676.254	2.77637e-13	15.7111
679.264	2.76407e-13	15.6414
682.274	2.75206e-13	15.5735
685.284	2.74042e-13	15.5076
688.294	2.72921e-13	15.4442
691.304	2.71848e-13	15.3834
694.314	2.70824e-13	15.3255
697.324	2.69852e-13	15.2705
700.334	2.68933e-13	15.2185
703.344	2.68066e-13	15.1694
706.355	2.6725e-13	15.1232
709.365	2.66481e-13	15.0798
712.375	2.65758e-13	15.0388
715.385	2.65076e-13	15.0002
718.395	2.6443e-13	14.9637
721.405	2.63816e-13	14.9289
724.415	2.63227e-13	14.8956
727.425	2.62659e-13	14.8635
730.435	2.62105e-13	14.8321
733.445	2.61559e-13	14.8012
736.455	2.61016e-13	14.7705
739.465	2.60469e-13	14.7395
742.475	2.59912e-13	14.708
745.485	2.5934e-13	14.6756
748.495	2.58747e-13	14.6421
751.505	2.58128e-13	14.6071
754.515	2.57479e-13	14.5704
757.525	2.56796e-13	14.5317
760.535	2.56073e-13	14.4908
763.545	2.55308e-13	14.4475
766.555	2.54497e-13	14.4016
769.565	2.53637e-13	14.3529
772.575	2.52727e-13	14.3014
775.585	2.51764e-13	14.2469
778.595	2.50746e-13	14.1893
781.605	2.49672e-13	14.1285
784.615	2.48542e-13	14.0646
787.625	2.47354e-13	13.9974
790.635	2.4611e-13	13.927
793.645	2.44808e-13	13.8533
796.656	2.43449e-13	13.7764
799.666	2.42035e-13	13.6964
802.676	2.40565e-13	13.6132
805.686	2.39041e-13	13.5269
808.696	2.37464e-13	13.4377
811.706	2.35835e-13	13.3456
814.716	2.34157e-13	13.2506
817.726	2.32431e-13	13.1529
820.736	2.30659e-13	13.0526
823.746	2.28842e-13	12.9498
826.756	2.26984e-13	12.8446
829.766	2.25084e-13	12.7372
832.776	2.23147e-13	12.6275
835.786	2.21174e-13	12.5159
838.796	2.19166e-13	12.4023
841.806	2.17127e-13	12.2869
844.816	2.15058e-13	12.1698
847.826	2.12962e-13	12.0512
850.836	2.1084e-13	11.9311
853.846	2.08695e-13	11.8097
856.856	2.06528e-13	11.6871
859.866	2.04342e-13	11.5634
862.876	2.02139e-13	11.4387
865.886	1.9992e-13	11.3132
868.896	1.97688e-13	11.1868
871.906	1.95443e-13	11.0598
874.916	1.93189e-13	10.9323
877.926	1.90926e-13	10.8042
880.936	1.88657e-13	10.6758
883.946	1.86383e-13	10.5471
886.957	1.84105e-13	10.4182
889.967	1.81826e-13	10.2892
892.977	1.79546e-13	10.1602
895.987	1.77267e-13	10.0313
898.997	1.74991e-13	9.90245
902.007	1.72718e-13	9.77385
905.017	1.70451e-13	9.64553
908.027	1.68189e-13	9.51756
911.037	1.65935e-13	9.39002
914.047	1.6369e-13	9.26296
917.057	1.61455e-13	9.13646
920.067	1.5923e-13	9.01056
923.077	1.57017e-13	8.88533
926.087	1.54816e-13	8.76082
929.097	1.5263e-13	8.63708
932.107	1.50458e-13	8.51417
935.117	1.48301e-13	8.39213
938.127	1.46161e-13	8.271
941.137	1.44037e-13	8.15083
944.147	1.41931e-13	8.03166
947.157	1.39844e-13	7.91353
950.167	1.37775e-13	7.79646
953.177	1.35726e-13	7.6805
956.187	1.33697e-13	7.56568
959.197	1.31688e-13	7.45203
962.207	1.29701e-13	7.33957
965.217	1.27735e-13	7.22832
968.227	1.25791e-13	7.11831
971.237	1.23869e-13	7.00957
974.247	1.2197e-13	6.9021
977.258	1.20094e-13	6.79593
980.268	1.18241e-13	6.69106
983.278	1.16411e-13	6.58752
986.288	1.14605e-13	6.48531
989.298	1.12823e-13	6.38445
992.308	1.11064e-13	6.28493
995.318	1.09329e-13	6.18677
998.328	1.07619e-13	6.08997
1001.34	1.05932e-13	5.99453
1004.35	1.0427e-13	5.90045
1007.36	1.02631e-13	5.80773
1010.37	1.01017e-13	5.71637
1013.38	9.94262e-14	5.62637
1016.39	9.78596e-14	5.53772
1019.4	9.63169e-14	5.45042
1022.41	9.47977e-14	5.36446
1025.42	9.33022e-14	5.27982
1028.43	9.183e-14	5.19651
1031.44	9.0381e-14	5.11452
1034.45	8.8955e-14	5.03382
1037.46	8.75518e-14	4.95442
1040.47	8.61713e-14	4.8763
1043.48	8.48131e-14	4.79944
1046.49	8.3477e-14	4.72383
1049.5	8.21629e-14	4.64947
1052.51	8.08703e-14	4.57633
1055.52	7.95992e-14	4.50439
1058.53	7.83491e-14	4.43365
1061.54	7.71199e-14	4.36409
1064.55	7.59112e-14	4.29569
1067.56	7.47227e-14	4.22844
1070.57	7.35543e-14	4.16232
1073.58	7.24054e-14	4.09731
1076.59	7.1276e-14	4.0334
1079.6	7.01657e-14	3.97057
1082.61	6.90741e-14	3.9088
1085.62	6.80011e-14	3.84807
1088.63	6.69462e-14	3.78838
1091.64	6.59093e-14	3.7297
1094.65	6.48899e-14	3.67202
1097.66	6.38879e-14	3.61532
1100.67	6.29029e-14	3.55958
1103.68	6.19346e-14	3.50478
1106.69	6.09828e-14	3.45092
1109.7	6.00471e-14	3.39797
1112.71	5.91274e-14	3.34593
1115.72	5.82232e-14	3.29476
1118.73	5.73344e-14	3.24447
1121.74	5.64607e-14	3.19502
1124.75	5.56018e-14	3.14642
1127.76	5.47575e-14	3.09864
1130.77	5.39274e-14	3.05167
1133.78	5.31114e-14	3.00549
1136.79	5.23092e-14	2.9601
1139.8	5.15206e-14	2.91547
1142.81	5.07453e-14	2.8716
1145.82	4.99831e-14	2.82846
1148.83	4.92337e-14	2.78606
1151.84	4.8497e-14	2.74437
1154.85	4.77727e-14	2.70338
1157.86	4.70606e-14	2.66308
1160.87	4.63604e-14	2.62346
1163.88	4.56721e-14	2.58451
1166.89	4.49953e-14	2.54622
1169.9	4.43299e-14	2.50856
1172.91	4.36757e-14	2.47154
1175.92	4.30325e-14	2.43514
1178.93	4.24001e-14	2.39936
1181.94	4.17783e-14	2.36417
1184.95	4.1167e-14	2.32957
1187.96	4.05658e-14	2.29556
1190.97	3.99748e-14	2.26211
1193.98	3.93937e-14	2.22923
1196.99	3.88224e-14	2.1969
1200	3.82606e-14	2.16511
