Wavelength (um), Flux (#/m2/s/um)
0.2800000393963506,5.553123776840781e+16
0.2805000394054373,5.564323171562805e+16
0.2810000394145198,5.5755265512465656e+16
0.28150003942359814,5.5867339098948024e+16
0.28200003943267227,5.5979452414822424e+16
0.2825000394417422,5.609160539955531e+16
0.2830000394508078,5.620379799234026e+16
0.2835000394598692,5.631603013206464e+16
0.28400003946892627,5.6428301758302056e+16
0.2845000394779791,5.654061280994876e+16
0.28500003948702757,5.665296322893132e+16
0.2855000394960716,5.6765352989395624e+16
0.2860000395051114,5.687778207302341e+16
0.28650003951414676,5.6990251207137464e+16
0.2870000395231777,5.710276118551665e+16
0.2875000395322042,5.721531929273679e+16
0.2880000395412262,5.732797915579617e+16
0.2885000395502438,5.744076221447415e+16
0.2890000395592569,5.755399458153458e+16
0.2895000395682654,5.7668901748517096e+16
0.2900000395772695,5.778740228618778e+16
0.29050003958626897,5.791155402767636e+16
0.2910000395952638,5.805556409228717e+16
0.29150003960425414,5.8277214069946344e+16
0.2920000396132398,5.862435745548881e+16
0.2925000396222208,5.89714275817561e+16
0.2930000396311972,5.973124167985192e+16
0.29350003964016885,6.192387083948484e+16
0.29400003964913585,6.486016832905485e+16
0.29450003965809807,6.856663427781772e+16
0.29500003966705557,7.715958322529162e+16
0.2955000396760083,1.0041474849753674e+17
0.29600003968495614,1.3051619004317317e+17
0.29650003969389926,1.657384112466642e+17
0.2970000397028375,2.040898724656115e+17
0.2975000397117709,3.381570183528965e+17
0.29800003972069944,4.944560717492267e+17
0.298500039729623,5.974966438360101e+17
0.2990000397385418,8.005389854719845e+17
0.2995000397474555,1.3575907832461302e+18
0.30000003975636425,1.6012364509407017e+18
0.300500039765268,1.943531522607606e+18
0.3010000397741668,2.9847382973766323e+18
0.3015000397830605,4.145352355993669e+18
0.30200003979194917,4.5011500476753316e+18
0.30250003980083273,6.58437238190798e+18
0.3030000398097112,1.0882230284474923e+19
0.3035000398185846,1.3780207196177904e+19
0.3040000398274527,1.4553723243891386e+19
0.30450003983631574,1.8383683213708976e+19
0.3050000398451736,2.533856343170749e+19
0.3055000398540262,2.8849669534110683e+19
0.30600003986287355,2.8678157831097995e+19
0.3065000398717156,3.263025519026953e+19
0.3070000398805524,4.310153942030147e+19
0.3075000398893839,5.522440930934274e+19
0.30800003989821007,5.8728437616043885e+19
0.30850003990703084,6.4403809084049605e+19
0.3090000399158463,6.311443914225328e+19
0.3095000399246563,6.75355201019378e+19
0.31000003993346087,7.955651724287082e+19
0.31050003994226,1.025075746104611e+20
0.31100003995105363,1.2988609782259527e+20
0.31150003995984177,1.319108233321754e+20
0.31200003996862435,1.467232838973438e+20
0.31250003997740144,1.5578072156012174e+20
0.313000039986173,1.691805988293388e+20
0.31350003999493886,1.6982963616037913e+20
0.31400004000369913,1.892587498213282e+20
0.3145000400124538,2.068331688783829e+20
0.3150000400212028,2.1612148138272955e+20
0.315500040029946,1.880822679050913e+20
0.3160000400386836,1.964933352153951e+20
0.31650004004741544,2.3963210906959983e+20
0.31700004005614146,2.738738862451142e+20
0.31750004006486177,2.9167974901770384e+20
0.3180000400735762,2.817175723566089e+20
0.31850004008228483,2.981461007249496e+20
0.3190000400909876,3.287887107429435e+20
0.31950004009968447,3.151340595598002e+20
0.32000004010837535,3.3073764723227414e+20
0.3205000401170604,3.9575955254578846e+20
0.3210000401257394,4.044405746871868e+20
0.32150004013441247,3.859564433057786e+20
0.3220000401430795,3.5997253450851595e+20
0.3225000401517405,3.525114082644807e+20
0.32300004016039546,3.452042757017883e+20
0.3235000401690443,4.0493597841787145e+20
0.324000040177687,4.492088637342356e+20
0.32450004018632367,4.627092981870872e+20
0.32500004019495404,4.5643617341677306e+20
0.3255000402035783,5.315638426628811e+20
0.3260000402121963,6.25661777084051e+20
0.3265000402208081,6.693888886809343e+20
0.3270000402294136,6.553352086848508e+20
0.32750004023801277,6.342285543548053e+20
0.3280000402466057,5.79898488583126e+20
0.32850004025519225,6.146504237873054e+20
0.3290000402637724,6.995731259829243e+20
0.3295000402723462,7.776516941683769e+20
0.33000004028091356,7.83167641500163e+20
0.33050004028947444,7.121630444026357e+20
0.3310000402980289,6.70949950104649e+20
0.33150004030657676,6.97729907833065e+20
0.33200004031511815,7.291503148009289e+20
0.332500040323653,7.352030250429081e+20
0.33300004033218117,7.199640877375307e+20
0.33350004034070285,6.837740357510785e+20
0.3340000403492178,6.977963828475373e+20
0.3345000403577262,7.495604377435952e+20
0.33500004036622777,7.823688768244917e+20
0.3355000403747227,7.653804329422501e+20
0.3360000403832109,7.023469833073495e+20
0.3365000403916923,6.474061036123361e+20
0.3370000404001669,6.342192992879909e+20
0.3375000404086347,6.805409702629187e+20
0.3380000404170955,7.387206552712854e+20
0.3385000404255496,7.75871121279478e+20
0.33900004043399673,7.911475427538799e+20
0.3395000404424369,8.10960534451672e+20
0.3400000404508701,8.589500337080128e+20
0.3405000404592963,8.583448224213581e+20
0.34100004046771554,8.092735474776172e+20
0.3415000404761277,8.069531118597097e+20
0.34200004048453275,8.425507542539513e+20
0.34250004049293076,8.753868813572512e+20
0.34300004050132155,8.891316225560918e+20
0.34350004050970523,8.406262329063655e+20
0.34400004051808175,7.246805879841578e+20
0.344500040526451,6.99095785567114e+20
0.34500004053481304,7.972132869711947e+20
0.34550004054316774,8.511386650495042e+20
0.34600004055151523,8.32270004267268e+20
0.3465000405598553,8.488053078311134e+20
0.347000040568188,8.630790342872572e+20
0.3475000405765134,8.340588246502298e+20
0.3480000405848313,8.324033711270077e+20
0.3485000405931418,8.480730835244472e+20
0.34900004060144485,8.181574555714464e+20
0.3495000406097403,8.411640665564933e+20
0.35000004061802825,9.303411773945483e+20
0.35050004062630863,1.001242832060204e+21
0.35100004063458146,9.74947313372104e+20
0.3515000406428466,9.382920598671701e+20
0.35200004065110413,9.178133377649448e+20
0.3525000406593539,8.689157155246742e+20
0.35300004066759605,9.248456290178881e+20
0.35350004067583046,1.0184792173296916e+21
0.35400004068405705,1.0781937297716952e+21
0.3545000406922758,1.0914592487831294e+21
0.3550000407004868,1.0927127602173473e+21
0.3555000407086899,1.0564548498273561e+21
0.3560000407168851,9.926887111216819e+20
0.35650004072507235,9.322568192680245e+20
0.3570000407332517,8.208991440152303e+20
0.35750004074142305,8.318032343765844e+20
0.35800004074958636,7.751335649255438e+20
0.3585000407577416,7.206304536808583e+20
0.3590000407658888,8.48630852383286e+20
0.3595000407740279,1.0234778641981076e+21
0.36000004078215886,1.0841267341794105e+21
0.36050004079028164,1.0259981777195629e+21
0.3610000407983962,9.455147683572633e+20
0.3615000408065025,9.273885401039258e+20
0.3620000408146006,9.735739637414911e+20
0.36250004082269033,1.0678044475710662e+21
0.3630000408307718,1.0999956296915887e+21
0.3635000408388449,1.071317413778847e+21
0.3640000408469096,1.111033619401945e+21
0.36450004085496585,1.1021006456607444e+21
0.3650000408630137,1.1458922460143174e+21
0.365500040871053,1.2628096835247255e+21
0.36600004087908383,1.354892764063749e+21
0.3665000408871061,1.3590684300358787e+21
0.36700004089511973,1.3355560994369577e+21
0.36750004090312477,1.3120116512017183e+21
0.3680000409111212,1.2368230511893322e+21
0.36850004091910893,1.2301742579458617e+21
0.369000040927088,1.287663993182615e+21
0.3695000409350582,1.3852786875579732e+21
0.3700000409430197,1.4064872638151076e+21
0.37050004095097244,1.2732398639523624e+21
0.37100004095891626,1.295072821813229e+21
0.37150004096685124,1.347556052134918e+21
0.3720000409747773,1.2630948351845678e+21
0.3725000409826944,1.20495465067191e+21
0.3730000409906025,1.1621262871730211e+21
0.37350004099850165,1.0489893045086632e+21
0.3740000410063918,1.0476447594038276e+21
0.37450004101427276,1.0412591752923581e+21
0.3750000410221447,1.1125543980215713e+21
0.37550004103000745,1.2318419987376043e+21
0.37600004103786094,1.2773580362967663e+21
0.37650004104570534,1.258397403887801e+21
0.3770000410535404,1.3518302321727397e+21
0.3775000410613663,1.5100243342312297e+21
0.37800004106918283,1.6288622120834302e+21
0.37850004107699,1.5895359582626046e+21
0.37900004108478774,1.4193687217002214e+21
0.3795000410925762,1.2740221744544895e+21
0.38000004110035507,1.340626757986411e+21
0.38050004110812446,1.4381265236949716e+21
0.3810000411158844,1.465103745525231e+21
0.3815000411236348,1.3221043555326115e+21
0.38200004113137553,1.1284762457303983e+21
0.3825000411391067,9.775268019221294e+20
0.3830000411468282,8.773304710574872e+20
0.38350004115453995,8.50482359173858e+20
0.384000041162242,9.853424727271852e+20
0.38450004116993425,1.1877555547449356e+21
0.3850000411776167,1.305510694822182e+21
0.38550004118528935,1.2491418658395615e+21
0.3860000411929521,1.206788119592133e+21
0.386500041200605,1.256409782026253e+21
0.3870000412082479,1.2692762983303065e+21
0.3875000412158808,1.2525209117697607e+21
0.3880000412235037,1.2419879456767761e+21
0.38850004123111653,1.234865795306474e+21
0.3890000412387193,1.3423388267549551e+21
0.38950004124631193,1.4896919828448307e+21
0.39000004125389437,1.564815979155771e+21
0.3905000412614666,1.580032496919638e+21
0.39100004126902865,1.6758863581881476e+21
0.39150004127658034,1.7017979836005585e+21
0.39200004128412186,1.5687755851685324e+21
0.3925000412916529,1.309247661586673e+21
0.3930000412991736,9.492229537070602e+20
0.39350004130668387,7.558443609262518e+20
0.3940000413141837,9.832147076417105e+20
0.394500041321673,1.3581802579142786e+21
0.3950000413291518,1.60621422049218e+21
0.39550004133662,1.713093125470448e+21
0.39600004134407757,1.5082726894218246e+21
0.3965000413515245,1.0982369483991818e+21
0.3970000413589607,8.518423320068374e+20
0.39750004136638634,1.2596509654557946e+21
0.398000041373801,1.70811361822001e+21
0.398500041381205,2.0200207351967103e+21
0.3990000413885981,2.1478927138823408e+21
0.3995000413959804,2.2165493800587918e+21
0.4000000414033517,2.243487311098927e+21
0.4010000414180614,2.3423591185593535e+21
0.402000041432727,2.4408865924284783e+21
0.4030000414473482,2.3560705152445784e+21
0.40400004146192453,2.400151999273466e+21
0.4050000414764558,2.346967293531048e+21
0.4060000414909417,2.2947169199978953e+21
0.4070000415053819,2.2591863596025174e+21
0.408000041519776,2.364968499823431e+21
0.4090000415341237,2.532392900268391e+21
0.4100000415484248,2.1641771753921962e+21
0.4110000415626788,2.428704156786986e+21
0.41200004157688547,2.5880936029943785e+21
0.4130000415910445,2.4889655316422994e+21
0.41400004160515547,2.468106905811064e+21
0.41500004161921805,2.5609775426963437e+21
0.416000041633232,2.643796054616821e+21
0.4170000416471969,2.5846554856308154e+21
0.4180000416611124,2.4782757689534217e+21
0.41900004167497823,2.585661779073037e+21
0.420000041688794,2.37490266559372e+21
0.42100004170255934,2.703760125383086e+21
0.4220000417162739,2.673217872260957e+21
0.42300004172993744,2.5945882227505795e+21
0.42400004174354944,2.5864211098347514e+21
0.4250000417571097,2.671896628893901e+21
0.4260000417706178,2.602481427384829e+21
0.42700004178407336,2.5202433229528907e+21
0.428000041797476,2.550923484684276e+21
0.4290000418108254,2.3676994819184153e+21
0.43000004182412116,1.8933545034742833e+21
0.431000041837363,1.7227059267183958e+21
0.43200004185055046,2.8722682405776193e+21
0.43300004186368324,2.678595928017787e+21
0.43400004187676094,2.480284173270321e+21
0.43500004188978314,2.726881642754762e+21
0.43600004190274944,2.998071780774638e+21
0.4370000419156596,3.067425539916561e+21
0.43800004192851316,2.698502020951056e+21
0.4390000419413097,2.6023410593457787e+21
0.44000004195404885,2.9901369537930965e+21
0.44100004196673026,2.955639898702216e+21
0.4420000419793535,3.1708320286192855e+21
0.4430000419919182,3.223277195339388e+21
0.444000042004424,3.1480762834512296e+21
0.44500004201687043,3.2750163141486413e+21
0.44600004202925714,2.943123760652141e+21
0.4470000420415837,3.3536426520096885e+21
0.44800004205384975,3.401289298252492e+21
0.44900004206605487,3.4007443420498997e+21
0.4500000420781986,3.532912806490151e+21
0.45100004209028055,3.6719921067358694e+21
0.4520000421023003,3.522902438572914e+21
0.45300004211425754,3.2604625776247916e+21
0.4540000421261517,3.5048938654405613e+21
0.45500004213798245,3.487189114375827e+21
0.4560000421497494,3.609631161016883e+21
0.457000042161452,3.6474547343970203e+21
0.45800004217309,3.577044791566343e+21
0.4590000421846627,3.556433844627224e+21
0.46000004219617,3.5410251542003224e+21
0.4610000422076112,3.6731140790304233e+21
0.46200004221898605,3.7155030929333556e+21
0.4630000422302939,3.736597791759532e+21
0.4640000422415345,3.63091328735858e+21
0.46500004225270736,3.5933257873592167e+21
0.466000042263812,3.676825917755097e+21
0.4670000422748479,3.5201508419541176e+21
0.4680000422858148,3.67988411654213e+21
0.4690000422967121,3.70262144745843e+21
0.47000004230753933,3.567371070205944e+21
0.4710000423182961,3.635186401877841e+21
0.4720000423289819,3.831804651516921e+21
0.47300004233959636,3.6906255945240045e+21
0.4740000423501389,3.739470359391866e+21
0.47500004236060905,3.8702675287368574e+21
0.47600004237100635,3.7456638052993477e+21
0.4770000423813304,3.7758647175682195e+21
0.47800004239158067,3.9055397819521103e+21
0.47900004240175675,3.837994250818078e+21
0.48000004241185795,3.9100407570887947e+21
0.481000042421884,3.917218134858737e+21
0.4820000424318343,3.939678084966693e+21
0.4830000424417084,3.899708439709436e+21
0.48400004245150574,3.833712409442622e+21
0.48500004246122586,3.8291814375450555e+21
0.4860000424708683,3.1111761371476887e+21
0.48700004248043255,3.4914490418796157e+21
0.488000042489918,3.7865376388918385e+21
0.48900004249932433,3.574222480421351e+21
0.49000004250865076,4.002107056407603e+21
0.49100004251789703,3.8548014779267757e+21
0.49200004252706253,3.682837787484719e+21
0.49300004253614665,3.946943407220032e+21
0.49400004254514895,3.86094632580391e+21
0.49500004255406893,4.1079832681044787e+21
0.49600004256290603,3.9142812532570157e+21
0.49700004257165964,3.989225395401812e+21
0.49800004258032937,3.8881979504451047e+21
0.49900004258891456,3.895503192940934e+21
0.5000000425974147,3.88921430577148e+21
0.5010000426058292,3.7776977743269677e+21
0.5020000426141575,3.7822055576365223e+21
0.5030000426223993,3.963699302207884e+21
0.5040000426305538,3.7011144569592883e+21
0.5050000426386203,3.974883565685697e+21
0.5060000426465986,4.142977497118002e+21
0.5070000426544878,3.971483488253022e+21
0.5080000426622877,3.8783022168399156e+21
0.5090000426699973,4.0724769010669186e+21
0.5100000426776164,3.974700990786743e+21
0.5110000426851442,4.0565806338022845e+21
0.5120000426925803,4.1719995776504394e+21
0.5130000426999237,3.927062835288304e+21
0.5140000427071744,3.85165803691809e+21
0.5150000427143312,3.9703728166400625e+21
0.516000042721394,4.014708517712461e+21
0.517000042728362,3.277874108844876e+21
0.5180000427352345,3.7559422811338304e+21
0.5190000427420112,3.646666432682498e+21
0.520000042748691,3.9885018340758625e+21
0.5210000427552738,4.025022571011733e+21
0.5220000427617587,4.123144790407693e+21
0.5230000427681452,3.8938243809054645e+21
0.5240000427744324,4.195656674143378e+21
0.52500004278062,4.170891566753119e+21
0.5260000427867072,4.062326534321483e+21
0.5270000427926934,3.559616319878467e+21
0.528000042798578,4.0820254952260627e+21
0.5290000428043603,4.279898237546622e+21
0.5300000428100398,4.121233672194224e+21
0.5310000428156155,4.355155222255015e+21
0.5320000428210871,4.2846194184569744e+21
0.5330000428264539,3.833312068099878e+21
0.534000042831715,4.113627032611599e+21
0.5350000428368699,4.1840832524235215e+21
0.5360000428419179,4.3710702184234914e+21
0.5370000428468583,4.052123394609891e+21
0.5380000428516906,4.262525044939277e+21
0.5390000428564138,4.1657111490050497e+21
0.5400000428610274,4.0301788524311143e+21
0.5410000428655307,3.8813157105032354e+21
0.5420000428699231,4.2322799736525784e+21
0.5430000428742036,4.170383718851012e+21
0.5440000428783718,4.3248507904599025e+21
0.5450000428824269,4.2348545976526643e+21
0.5460000428863682,4.203044742103899e+21
0.5470000428901948,4.2655405095785474e+21
0.5480000428939064,4.1516800845364116e+21
0.5490000428975017,4.2894278454190256e+21
0.5500000429009804,4.263738971571557e+21
0.5510000429043417,4.266775775635945e+21
0.5520000429075846,4.362052704443102e+21
0.5530000429107088,4.2455161414420377e+21
0.5540000429137133,4.3365815273812703e+21
0.5550000429165972,4.368157746088828e+21
0.55600004291936,4.301015937792343e+21
0.5570000429220008,4.2027602659458726e+21
0.558000042924519,4.300756622821169e+21
0.5590000429269137,4.0757403752229686e+21
0.560000042929184,4.155482519957942e+21
0.5610000429313294,4.4043669666625235e+21
0.5620000429333489,4.2005956985139726e+21
0.5630000429352419,4.36706913292207e+21
0.5640000429370072,4.289080813697356e+21
0.5650000429386446,4.323706193733345e+21
0.5660000429401528,4.0957208218011765e+21
0.5670000429415313,4.3729780527888225e+21
0.5680000429427793,4.3406592411490677e+21
0.5690000429438956,4.241458661625696e+21
0.5700000429448797,4.2514953990368317e+21
0.5710000429457308,4.119541847136864e+21
0.5720000429464479,4.3579815037481695e+21
0.5730000429470303,4.384061467303383e+21
0.574000042947477,4.3688848284622793e+21
0.5750000429477874,4.277500216709031e+21
0.5760000429479605,4.2492736357509507e+21
0.5770000429479952,4.363833740528029e+21
0.5780000429478911,4.2366766926278254e+21
0.579000042947647,4.305216409726684e+21
0.5800000429472622,4.385646710608308e+21
0.5810000429467357,4.4133894397498297e+21
0.5820000429460667,4.488665307423757e+21
0.5830000429452542,4.543042541593683e+21
0.5840000429442974,4.541721298695742e+21
0.5850000429431956,4.5129807306405105e+21
0.5860000429419474,4.4112505006898366e+21
0.5870000429405524,4.515703101070135e+21
0.5880000429390093,4.420681837887097e+21
0.5890000429373174,3.8233206443150756e+21
0.5900000429354757,4.071877357652529e+21
0.5910000429334832,4.362311882405076e+21
0.5920000429313392,4.2779030393403783e+21
0.5930000429290424,4.3469235082616504e+21
0.594000042926592,4.3333220359599376e+21
0.5950000429239872,4.2858032003541904e+21
0.596000042921227,4.4241208043889156e+21
0.5970000429183102,4.444466898120215e+21
0.598000042915236,4.397423281664554e+21
0.5990000429120035,4.4044752783996077e+21
0.6000000429086115,4.456229226112865e+21
0.6010000429050592,4.411012489166154e+21
0.6020000429013453,4.351983141684146e+21
0.6030000428974691,4.451493741438964e+21
0.6040000428934296,4.537019563815986e+21
0.6050000428892256,4.536612506319421e+21
0.6060000428848562,4.5218410990461843e+21
0.6070000428803203,4.556498678469737e+21
0.6080000428756168,4.5490076099812267e+21
0.6090000428707449,4.5218462324703473e+21
0.6100000428657033,4.509925139964434e+21
0.611000042860491,4.494249602486913e+21
0.6120000428551071,4.56938449955316e+21
0.6130000428495503,4.512046609279081e+21
0.6140000428438197,4.3818600124941504e+21
0.6150000428379142,4.55029723072977e+21
0.6160000428318326,4.437686748574541e+21
0.6170000428255739,4.388360653010834e+21
0.6180000428191369,4.562227164445035e+21
0.6190000428125206,4.591110604628903e+21
0.6200000428057238,4.600400254319332e+21
0.6210000427987454,4.627515207954373e+21
0.6220000427915844,4.468072835876384e+21
0.6230000427842395,4.442639158831743e+21
0.6240000427767095,4.4350061185417667e+21
0.6250000427689935,4.4131673030785174e+21
0.6260000427610901,4.4158164452569247e+21
0.6270000427529983,4.5507042868320105e+21
0.6280000427447168,4.30947412368912e+21
0.6290000427362444,4.469276311873589e+21
0.63000004272758,4.416123272195495e+21
0.6310000427187226,4.4984166711307566e+21
0.6320000427096706,4.339149983167449e+21
0.633000042700423,4.6232495490084666e+21
0.6340000426909786,4.559060715411811e+21
0.635000042681336,4.621873589228453e+21
0.6360000426714942,4.5234960526340637e+21
0.6370000426614518,4.685172940030845e+21
0.6380000426512078,4.723682101994171e+21
0.6390000426407605,4.711463473979243e+21
0.640000042630109,4.6202484759409784e+21
0.6410000426192519,4.6300490737383894e+21
0.6420000426081879,4.6463215314445334e+21
0.6430000425969158,4.701789119141582e+21
0.6440000425854341,4.6886769314983444e+21
0.6450000425737418,4.730051003912089e+21
0.6460000425618373,4.6017743291816744e+21
0.6470000425497194,4.5880525075771566e+21
0.6480000425373869,4.5514314942080064e+21
0.6490000425248382,4.4169880238792313e+21
0.6500000425120721,4.448335138153964e+21
0.6510000424990873,4.734724709063766e+21
0.6520000424858822,4.5529404009393417e+21
0.6530000424724557,4.7045636403049047e+21
0.6540000424588063,4.65974959660662e+21
0.6550000424449326,4.451228084303903e+21
0.6560000424308331,3.9137914688949867e+21
0.6570000424165067,4.0990194486452966e+21
0.6580000424019516,4.589538425891766e+21
0.6590000423871666,4.6131007738573593e+21
0.6600000423721503,4.6490067755157883e+21
0.6610000423569011,4.6364181214137014e+21
0.6620000423414175,4.605440844206313e+21
0.6630000423256982,4.6207416992118043e+21
0.6640000423097419,4.66882572926249e+21
0.6650000422935467,4.758544925473335e+21
0.6660000422771112,4.762012582420715e+21
0.6670000422604342,4.735249359663383e+21
0.668000042243514,4.758490018954247e+21
0.6690000422263488,4.847788359013652e+21
0.6700000422089375,4.78825202552902e+21
0.6710000421912783,4.786278300557252e+21
0.6720000421733698,4.726767639056526e+21
0.6730000421552104,4.775134577457642e+21
0.6740000421367984,4.77544382140263e+21
0.6750000421181325,4.743111850438011e+21
0.6760000420992107,4.805268238633636e+21
0.6770000420800318,4.768412104707154e+21
0.6780000420605938,4.801053966885618e+21
0.6790000420408955,4.767458931719664e+21
0.6800000420209349,4.782011196116487e+21
0.6810000420007105,4.770531034204681e+21
0.6820000419802208,4.800195715242952e+21
0.6830000419594638,4.755315695849045e+21
0.684000041938438,4.730943660661471e+21
0.6850000419171418,4.740963704005815e+21
0.6860000418955734,4.6408292143813986e+21
0.6870000418737311,3.348743110237887e+21
0.6880000418516131,3.8813121336066525e+21
0.6890000418292178,3.9119267444979044e+21
0.6900000418065433,4.106217609710737e+21
0.6910000417835881,4.290271597011977e+21
0.6920000417603502,4.420496778170911e+21
0.6930000417368278,4.3989755527673865e+21
0.6940000417130193,4.354664879061041e+21
0.6950000416889228,4.448407308088781e+21
0.6960000416645366,4.4442965721377627e+21
0.6970000416398585,4.7029632115614333e+21
0.6980000416148869,4.6355690932994095e+21
0.6990000415896201,4.545793793583441e+21
0.7000000415640562,4.51882010731962e+21
0.7010000415381931,4.4674012516603375e+21
0.702000041512029,4.4790749813611183e+21
0.703000041485562,4.511289920177779e+21
0.7040000414587902,4.6350140271700434e+21
0.7050000414317119,4.6898648697305563e+21
0.7060000414043247,4.6716384568808587e+21
0.7070000413766271,4.659036158012359e+21
0.7080000413486168,4.650656474977038e+21
0.7090000413202919,4.6740002847611263e+21
0.7100000412916506,4.709186349624657e+21
0.7110000412626907,4.7086603880478655e+21
0.7120000412334102,4.6851748248592397e+21
0.7130000412038072,4.636838342351362e+21
0.7140000411738795,4.683238903537641e+21
0.715000041143625,4.530704757152764e+21
0.7160000411130419,4.583538413303759e+21
0.7170000410821278,3.996183427363577e+21
0.7180000410508808,3.7216333590946356e+21
0.7190000410192987,3.34162619311632e+21
0.7200000409873792,3.572156516394153e+21
0.7210000409551206,3.9422553114485263e+21
0.7220000409225205,4.5096371170153207e+21
0.7230000408895766,4.1653831489126636e+21
0.7240000408562868,3.84713039284116e+21
0.7250000408226489,3.7885736280584424e+21
0.7260000407886608,3.952050612649989e+21
0.72700004075432,3.971035353276344e+21
0.7280000407196245,3.8115797795941846e+21
0.729000040684572,3.8410364867947874e+21
0.7300000406491601,4.147280011666528e+21
0.7310000406133866,3.938788611026137e+21
0.7320000405772492,4.25039799756602e+21
0.7330000405407455,4.414136744313321e+21
0.7340000405038732,4.5661127718684726e+21
0.7350000404666301,4.506102137310371e+21
0.7360000404290136,4.4681419396088033e+21
0.7370000403910212,4.4667923548872104e+21
0.7380000403526508,4.5583020876601455e+21
0.7390000403138999,4.4290627746081155e+21
0.7400000402747658,4.5430880947275463e+21
0.7410000402352463,4.5316949362465817e+21
0.742000040195339,4.5396780916388864e+21
0.7430000401550413,4.6400528949352574e+21
0.7440000401143505,4.6830025187223604e+21
0.7450000400732644,4.687046472031522e+21
0.7460000400317802,4.683197935052318e+21
0.7470000399898955,4.692107861861024e+21
0.7480000399476078,4.669771023523314e+21
0.7490000399049141,4.659423435890824e+21
0.7500000398618122,4.659603191414023e+21
0.7510000398182993,4.645022410978211e+21
0.7520000397743728,4.6678642462603765e+21
0.75300003973003,4.649810928009537e+21
0.7540000396852682,4.714439956229333e+21
0.7550000396400848,4.7066295514026727e+21
0.7560000395944768,4.6553958595443037e+21
0.7570000395484416,4.6573617054529974e+21
0.7580000395019767,4.691751288934053e+21
0.7590000394550791,4.564209441061415e+21
0.7600000394077459,1.0180008664452825e+21
0.7610000393599743,5.899658356158192e+20
0.7620000393117616,2.638012512201576e+21
0.7630000392631048,1.4578989485638497e+21
0.7640000392140012,2.0723338577018044e+21
0.7650000391644477,2.642043505904757e+21
0.7660000391144414,3.1413957308772584e+21
0.7670000390639794,3.761584477319595e+21
0.7680000390130589,4.306326308391011e+21
0.7690000389616767,4.366130606331503e+21
0.7700000389098297,4.499724986312363e+21
0.7710000388575152,4.535842753085905e+21
0.77200003880473,4.5774799231745933e+21
0.7730000387514709,4.580685132837527e+21
0.774000038697735,4.586610776833118e+21
0.7750000386435191,4.5925364184121465e+21
0.7760000385888199,4.609009539111913e+21
0.7770000385336345,4.587177055667646e+21
0.7780000384779597,4.587597379731044e+21
0.7790000384217922,4.613886013970233e+21
0.7800000383651289,4.569155339306779e+21
0.7810000383079662,4.563611234228306e+21
0.7820000382503012,4.5911060352453826e+21
0.7830000381921305,4.578056560278603e+21
0.7840000381334505,4.553118512455082e+21
0.7850000380742583,4.578684735523124e+21
0.7860000380145503,4.5868913075348733e+21
0.7870000379543233,4.5364685388652326e+21
0.7880000378935735,4.484712733397533e+21
0.7890000378322979,4.4713385420281023e+21
0.7900000377704925,4.339005147289773e+21
0.7910000377081544,4.403430708676133e+21
0.7920000376452797,4.3671336582055047e+21
0.793000037581865,4.3415094359953365e+21
0.7940000375179066,4.385755731768642e+21
0.7950000374534011,4.3752706033816877e+21
0.7960000373883447,4.304637844565361e+21
0.7970000373227338,4.3786538848784126e+21
0.7980000372565649,4.467705822332164e+21
0.799000037189834,4.3864233807253487e+21
0.8000000371225376,4.3194217187319874e+21
0.8010000370546719,4.37240218678085e+21
0.8020000369862331,4.3831091594020405e+21
0.8030000369172173,4.3081304269619163e+21
0.8040000368476209,4.3640880625956406e+21
0.8050000367774397,4.273472350464806e+21
0.80600003670667,4.4528473941336465e+21
0.807000036635308,4.411652607209503e+21
0.8080000365633494,4.401662293518906e+21
0.8090000364907907,4.2959276059315483e+21
0.8100000364176274,4.305722875127765e+21
0.8110000363438558,4.3004233418945876e+21
0.8120000362694716,4.1974015302407427e+21
0.8130000361944708,4.128082623851521e+21
0.8140000361188494,3.702730032802881e+21
0.8150000360426031,3.6731021606417004e+21
0.8160000359657276,3.418527293458937e+21
0.8170000358882188,3.503616565948638e+21
0.8180000358100725,3.3874970197445323e+21
0.8190000357312843,3.732192868980736e+21
0.82000003565185,3.5579669221909683e+21
0.8210000355717653,4.1234029961628803e+21
0.8220000354910255,3.9377853898273655e+21
0.8230000354096264,2.787236782475964e+21
0.8240000353275636,3.878880364013588e+21
0.8250000352448327,4.025998787103085e+21
0.8260000351614288,3.8830967045971216e+21
0.8270000350773478,4.099455268695367e+21
0.8280000349925847,3.5422819155397003e+21
0.8290000349071353,3.878377392884378e+21
0.8300000348209945,3.8275255808598695e+21
0.8310000347341581,3.865227000347715e+21
0.8320000346466209,3.745650425331855e+21
0.8330000345583783,4.01115045405319e+21
0.8340000344694258,3.9220039997419385e+21
0.8350000343797582,4.217083181876379e+21
0.8360000342893708,4.0922582225464197e+21
0.8370000341982586,4.2524645482607857e+21
0.8380000341064168,4.2145573323235415e+21
0.8390000340138403,4.229258344231789e+21
0.840000033920524,4.29519145776762e+21
0.8410000338264629,4.2765957056788274e+21
0.8420000337316521,4.2262802817525434e+21
0.8430000336360864,4.266395109568624e+21
0.8440000335397604,4.1907710579855395e+21
0.845000033442669,4.324159100332993e+21
0.8460000333448071,4.3386455290214325e+21
0.8470000332461691,4.228648314040689e+21
0.84800003314675,4.2356467874734355e+21
0.8490000330465441,4.2140999015251784e+21
0.8500000329455463,3.824368182125322e+21
0.8510000328437509,4.176773351599159e+21
0.8520000327411524,4.1574048657095944e+21
0.8530000326377455,4.1433470161128585e+21
0.8540000325335243,3.659220253624191e+21
0.8550000324284833,3.929846631117974e+21
0.8560000323226169,4.1937272874488153e+21
0.8570000322159192,4.2783963022828367e+21
0.8580000321083847,4.284683913141957e+21
0.8590000320000074,4.2885961712784816e+21
0.8600000318907814,4.2782190842391424e+21
0.861000031780701,4.2772551866320206e+21
0.86200003166976,4.315635927071205e+21
0.8630000315579526,4.346752079752512e+21
0.8640000314452726,4.2589705451159756e+21
0.8650000313317141,4.19457559900245e+21
0.8660000312172709,3.701389886942485e+21
0.8670000311019367,3.995733440184666e+21
0.8680000309857053,4.1914685080301197e+21
0.8690000308685706,4.1541252741953964e+21
0.870000030750526,4.2376955791758815e+21
0.8710000306315653,4.182583060709807e+21
0.872000030511682,4.2444074307580393e+21
0.8730000303908696,4.206864673975766e+21
0.8740000302691215,4.1378100526667053e+21
0.8750000301464315,4.0828581013241416e+21
0.8760000300227925,4.201739733142259e+21
0.8770000298981978,4.221458119735026e+21
0.8780000297726409,4.209563657246524e+21
0.879000029646115,4.144398518280861e+21
0.8800000295186131,4.162447222709255e+21
0.8810000293901283,4.029867345878829e+21
0.8820000292606537,4.140292735498784e+21
0.8830000291301823,4.130850866478382e+21
0.8840000289987069,4.152350082669e+21
0.8850000288662204,4.206855781419037e+21
0.8860000287327157,4.0478737458093396e+21
0.8870000285981855,4.066284161365336e+21
0.8880000284626225,4.122991513272606e+21
0.8890000283260192,4.182546205897697e+21
0.8900000281883683,4.1396689002785444e+21
0.8910000280496623,4.1528867008909683e+21
0.8920000279098935,4.081074941323523e+21
0.8930000277690545,3.92588063354366e+21
0.8940000276271377,3.8314002842903894e+21
0.895000027484135,3.6656915064724217e+21
0.8960000273400387,3.439567180067748e+21
0.8970000271948412,3.0059788930410034e+21
0.8980000270485343,3.2450353815593786e+21
0.8990000269011102,2.483402641377485e+21
0.9000000267525606,3.364622774723105e+21
0.9010000266028776,2.7185252152426024e+21
0.9020000264520529,3.0329479922736415e+21
0.9030000263000783,3.1316808099771643e+21
0.9040000261469453,3.8436232035942426e+21
0.9050000259926456,3.7226788332637766e+21
0.9060000258371709,3.5374682173555983e+21
0.9070000256805123,2.91565504561303e+21
0.9080000255226615,2.9811713674005053e+21
0.9090000253636097,3.22304713758757e+21
0.9100000252033481,2.861757589542692e+21
0.911000025041868,3.063983383598686e+21
0.9120000248791602,3.163070690668691e+21
0.9130000247152162,2.8880575750801426e+21
0.9140000245500265,2.882707887780661e+21
0.9150000243835823,3.124785532338479e+21
0.9160000242158742,2.658313358002909e+21
0.9170000240468931,3.3707838356127907e+21
0.9180000238766293,2.7392124025927536e+21
0.9190000237050735,3.417920654783149e+21
0.9200000235322164,3.446509577329094e+21
0.9210000233580482,3.618788895789287e+21
0.9220000231825592,3.2503332936582357e+21
0.9230000230057399,3.461927587725328e+21
0.9240000228275801,3.35618062156257e+21
0.92500002264807,3.3113838124661825e+21
0.9260000224671996,3.2786490408732926e+21
0.9270000222849588,3.674698774587767e+21
0.9280000221013376,2.754887887354056e+21
0.9290000219163252,2.5782238187128116e+21
0.9300000217299118,2.0230766258323126e+21
0.9310000215420866,1.917971099626098e+21
0.9320000213528392,1.4116741529181684e+21
0.933000021162159,1.166839150020211e+21
0.9340000209700352,6.762267823476461e+20
0.9350000207764569,1.1807763617370853e+21
0.9360000205814133,7.606972371370617e+20
0.9370000203848935,7.707542766647518e+20
0.9380000201868861,9.472343717373407e+20
0.9390000199873801,1.8855671538933042e+21
0.9400000197863643,2.232731422918349e+21
0.9410000195838271,1.762058524808119e+21
0.9420000193797571,1.9221752368051603e+21
0.9430000191741427,1.3214188829220468e+21
0.9440000189669722,1.3582231263526642e+21
0.9450000187582339,1.751752670156979e+21
0.9460000185479156,9.26874544682546e+20
0.9470000183360056,1.7693309371491166e+21
0.9480000181224917,1.3088059971861188e+21
0.9490000179073617,2.3599185512404683e+21
0.9500000176906032,7.043424222959812e+20
0.9510000174722036,2.3161537620717784e+21
0.9520000172521509,1.2888282243676722e+21
0.9530000170304319,1.6486031807777997e+21
0.9540000168070341,2.0368890477564042e+21
0.9550000165819444,1.6402822671548413e+21
0.95600001635515,1.5796272511651136e+21
0.9570000161266378,1.3040709195540828e+21
0.9580000158963945,2.2233820996685985e+21
0.9590000156644067,1.8049179479626765e+21
0.960000015430661,2.0330200215247383e+21
0.9610000151951438,2.2312604592080667e+21
0.9620000149578414,2.1393398391487456e+21
0.9630000147187399,2.448383225899393e+21
0.9640000144778252,2.225604899686835e+21
0.9650000142350836,2.4471990629758387e+21
0.9660000139905006,2.4449195033920746e+21
0.967000013744062,2.4457454788649545e+21
0.9680000134957533,3.177765305901265e+21
0.9690000132455596,3.3474862737578315e+21
0.9700000129934667,3.098923183298718e+21
0.9710000127394592,3.4900384856488474e+21
0.9720000124835226,3.3648434975605947e+21
0.9730000122256413,2.9707174793613437e+21
0.9740000119658002,2.820837625937568e+21
0.9750000117039839,2.8952949621981714e+21
0.9760000114401768,2.810020369528729e+21
0.9770000111743632,3.141098471140401e+21
0.9780000109065272,3.0283669254175504e+21
0.9790000106366529,3.1451109921907797e+21
0.9800000103647241,2.9832001791761444e+21
0.9810000100907245,3.5230544224534166e+21
0.9820000098146374,3.4218420921032125e+21
0.9830000095364467,3.308886211714609e+21
0.9840000092561353,3.6524126356169954e+21
0.9850000089736863,3.4124076063643067e+21
0.9860000086890829,3.7268921843272825e+21
0.9870000084023075,3.673282393593333e+21
0.9880000081133428,3.653825143690029e+21
0.9890000078221713,3.729414921230679e+21
0.9900000075287754,3.649506763004888e+21
0.991000007233137,3.759503189085045e+21
0.9920000069352383,3.7505111064752287e+21
0.9930000066350607,3.685605781161478e+21
0.9940000063325861,3.7734816515054025e+21
0.9950000060277958,3.765555449177654e+21
0.9960000057206712,3.7546975639338667e+21
0.9970000054111932,3.7126421860838634e+21
0.9980000050993426,3.712144231154853e+21
0.9990000047851004,3.7143535082721845e+21
1.0000000044684467,3.7017091056686717e+21
1.0010000041493625,3.7512654770778187e+21
1.0020000038278274,3.672438066431264e+21
1.0030000035038213,3.7082650617188403e+21
1.0040000031773244,3.6560605451108226e+21
1.0050000028483161,3.4491328421244347e+21
1.0060000025167755,3.608442943913168e+21
1.0070000021826822,3.6881191949545306e+21
1.008000001846015,3.688329382288109e+21
1.0090000015067522,3.655770424268006e+21
1.010000001164873,3.6564428612317547e+21
1.0110000008203557,3.6785870973667094e+21
1.0120000004731782,3.661794841166333e+21
1.0130000001233184,3.659495940420041e+21
1.0139999997707543,3.678777776648803e+21
1.014999999415463,3.618482495730507e+21
1.015999999057422,3.6380034173574625e+21
1.0169999986966083,3.601034284219823e+21
1.0179999983329988,3.660176587172718e+21
1.0189999979665703,3.533268948702894e+21
1.0199999975972984,3.589006692527163e+21
1.02099999722516,3.6068635465829313e+21
1.0219999968501305,3.5483986443644e+21
1.022999996472186,3.579575179636516e+21
1.0239999960913015,3.5598751017987264e+21
1.0249999957074525,3.5992113481047553e+21
1.0259999953206136,3.5966777202598635e+21
1.0269999949307596,3.58306841243801e+21
1.027999994537865,3.5906953042201144e+21
1.0289999941419037,3.554972744196094e+21
1.0299999937428497,3.5805660056358937e+21
1.0309999933406768,3.5674835390558246e+21
1.0319999929353583,3.5735912049924474e+21
1.032999992526867,3.516001016021863e+21
1.033999992115176,3.540327762763852e+21
1.034999991700258,3.5551600944071117e+21
1.0359999912820848,3.556923939059882e+21
1.0369999908606284,3.52355139096301e+21
1.037999990435861,3.5099644095011587e+21
1.0389999900077538,3.537612911868499e+21
1.0399999895762775,3.5166181339052706e+21
1.0409999891414035,3.5203116480120645e+21
1.0419999887031017,3.524949942736818e+21
1.0429999882613428,3.492889052448465e+21
1.0439999878160968,3.512422900182779e+21
1.0449999873673328,3.495741844506882e+21
1.0459999869150203,3.407567048493152e+21
1.0469999864591284,3.4624754122380007e+21
1.0479999859996254,3.496379404600933e+21
1.04899998553648,3.4797518177960576e+21
1.0499999850696597,3.4601789467124805e+21
1.0509999845991327,3.4665405609700177e+21
1.0519999841248657,3.448493934813713e+21
1.052999983646826,3.4412205952238585e+21
1.0539999831649802,3.4300007853436714e+21
1.0549999826792946,3.4439275702488604e+21
1.055999982189735,3.4362383368828176e+21
1.0569999816962667,3.4310292359541193e+21
1.0579999811988554,3.3989073196284243e+21
1.0589999806974657,3.2985333796783333e+21
1.0599999801920617,3.3928938388390554e+21
1.0609999796826075,3.3178968269070627e+21
1.0619999791690673,3.3822355739172437e+21
1.0629999786514037,3.330460081630957e+21
1.0639999781295801,3.384850151504294e+21
1.0649999776035588,3.3728560045526986e+21
1.0659999770733017,3.3116237405817453e+21
1.0669999765387708,3.331862229889348e+21
1.067999975999927,3.3302507122215727e+21
1.0689999754567314,3.154808808920029e+21
1.0699999749091442,3.2570303151439547e+21
1.0709999743571255,3.324338432349997e+21
1.0719999738006347,3.3206936689717396e+21
1.072999973239631,3.260427449560426e+21
1.073999972674073,3.360512206097024e+21
1.0749999721039192,3.206374807008329e+21
1.0759999715291269,3.3295511451251533e+21
1.0769999709496536,3.276418901018812e+21
1.0779999703654557,3.273325642107616e+21
1.0789999697764903,3.284669593225193e+21
1.0799999691827125,3.246825462695982e+21
1.080999968584078,3.160636112394308e+21
1.0819999679805417,3.210236683672566e+21
1.0829999673720576,3.2608503377646715e+21
1.08399996675858,3.1567919398068725e+21
1.0849999661400618,3.240429330417756e+21
1.085999965516456,3.0291041137605183e+21
1.086999964887715,3.102315629806958e+21
1.0879999642537903,3.248666680740484e+21
1.088999963614633,3.175008586278904e+21
1.0899999629701937,3.0491911710268714e+21
1.090999962320423,3.2311412722589604e+21
1.0919999616652698,3.195013817821601e+21
1.0929999610046834,2.8091442623620925e+21
1.0939999603386121,2.971808604373813e+21
1.0949999596670033,2.86989681756652e+21
1.0959999589898044,2.776290681193328e+21
1.096999958306962,3.194603448843363e+21
1.097999957618422,2.7795805343901774e+21
1.0989999569241298,2.808719481289067e+21
1.09999995622403,2.6897225678055345e+21
1.1009999555180663,2.754185125752929e+21
1.1019999548061825,2.600628823423217e+21
1.1029999540883213,2.5893252824272465e+21
1.1039999533644247,2.59878259787573e+21
1.1049999526344343,2.816909582762897e+21
1.1059999518982901,2.2152443711820475e+21
1.106999951155933,2.691597075763872e+21
1.1079999504073017,2.318136328872166e+21
1.1089999496523348,2.3042015568262574e+21
1.1099999488909704,2.676247845295554e+21
1.1109999481231456,1.8539809997479323e+21
1.1119999473487967,2.3148442150327647e+21
1.1129999465678593,1.5040984611203053e+21
1.1139999457802683,1.6812564095919669e+21
1.1149999449859576,1.402221432801324e+21
1.1159999441848607,1.1309417684867703e+21
1.11699994337691,4.4738220870045277e+20
1.1179999425620375,1.2239664675052968e+21
1.1189999417401733,6.371783565532906e+20
1.1199999409112482,7.996724987267545e+20
1.1209999400751907,1.04851522836705e+21
1.1219999392319295,4.6104204116716814e+20
1.1229999383813922,7.242367260693616e+20
1.123999937523505,6.147087734250019e+20
1.1249999366581938,8.167538558831833e+20
1.1259999357853832,2.9206386282233e+20
1.1269999349049968,8.917805489735086e+20
1.127999934016958,5.630671290801078e+20
1.1289999331211884,6.0156120698134e+20
1.129999932217609,4.0107824148509596e+20
1.1309999313061398,1.682632757092793e+21
1.1319999303867,1.333707135780321e+21
1.1329999294592072,8.740248109329492e+20
1.133999928523579,2.3787259335631736e+20
1.1349999275797307,8.793177934796261e+19
1.1359999266275775,7.359274301874382e+20
1.136999925667033,1.6471675321409033e+21
1.13799992469801,1.1641812949523568e+21
1.1389999237204202,1.711119352041098e+21
1.1399999227341742,1.4686556703028378e+21
1.140999921739181,1.1102535640961653e+21
1.1419999207353493,1.291853191133497e+21
1.1429999197225857,1.793806292814962e+21
1.1439999187007963,6.517994137304652e+20
1.144999917669886,8.413092126378671e+20
1.1459999166297576,9.089595063304857e+20
1.1469999155803137,3.4120254215552834e+20
1.1479999145214554,1.566411117334662e+21
1.1489999134530817,1.263578354180641e+21
1.1499999123750917,7.0369509544588e+20
1.150999911287382,1.178040030128335e+21
1.1519999101898484,1.4355022838823067e+21
1.152999909082385,1.381600758768715e+21
1.153999907964885,8.271843794859453e+20
1.15499990683724,1.8202971228481766e+21
1.1559999056993402,1.6341314352400486e+21
1.1569999045510735,1.8317065842266816e+21
1.157999903392328,1.8165522957140256e+21
1.1589999022229889,1.965261283637194e+21
1.1599999010429403,1.672343498695912e+21
1.1609998998520652,2.0305915814505577e+21
1.1619998986502444,2.0468991624243344e+21
1.1629998974373574,2.7427255549847897e+21
1.1639998962132823,2.3542925616549905e+21
1.164999894977895,2.2784240849972654e+21
1.1659998937310703,2.2001913066074808e+21
1.1669998924726803,2.407806836649683e+21
1.167999891202597,2.466191551294813e+21
1.16899988992069,2.48924564917945e+21
1.1699998886268257,2.7012251070272666e+21
1.1709998873208707,2.642100766794422e+21
1.1719998860026886,2.6828171600880646e+21
1.1729998846721417,2.694487372364732e+21
1.1739998833290899,1.9905252772601924e+21
1.1749998819733916,2.675286937428469e+21
1.1759998806049032,2.8219474114370003e+21
1.176999879223479,2.7980311519699125e+21
1.1779998778289706,2.134143435297739e+21
1.178999876421229,2.8701931583795196e+21
1.1799998750001017,2.6170692907571536e+21
1.180999873565435,2.70518806901066e+21
1.1819998721170728,1.9222651334437233e+21
1.1829998706548561,2.6118458054147525e+21
1.1839998691786247,2.501691404248009e+21
1.1849998676882154,2.429585507758708e+21
1.1859998661834632,2.848006794238093e+21
1.1869998646642002,2.722523459667062e+21
1.1879998631302564,2.0028981483426837e+21
1.1889998615814596,2.4873105454016066e+21
1.1899998600176347,2.769154036083964e+21
1.1909998584386043,2.676800554432155e+21
1.1919998568441883,2.839616335369953e+21
1.1929998552342043,2.7277604708103383e+21
1.1939998536084664,2.8175534604831624e+21
1.194999851966787,2.6879173789000805e+21
1.1959998503089755,2.5959311356911294e+21
1.1969998486348379,2.874315912740516e+21
1.1979998469441782,2.615992431230232e+21
1.198999845236797,2.201507234129988e+21
1.1999998435124921,2.706905617056246e+21
1.2009998417710581,2.6416173187836244e+21
1.2019998400122867,2.6443507783611203e+21
1.2029998382359666,2.627887368765795e+21
1.2039998364418831,2.1959667070682506e+21
1.2049998346298187,2.6494014665004265e+21
1.205999832799552,2.9183550802628287e+21
1.2069998309508587,2.61087863623979e+21
1.2079998290835112,2.634922753829704e+21
1.208999827197278,2.5203582979535206e+21
1.209999825291924,2.760478580775556e+21
1.2109998233672115,2.573518635249603e+21
1.211999821422898,2.591312352441426e+21
1.212999819458738,2.866210506859039e+21
1.2139998174744817,2.6516671115374305e+21
1.2149998154698758,2.615488940317194e+21
1.2159998134446632,2.85391851832024e+21
1.2169998113985823,2.7881260606753116e+21
1.2179998093313678,2.815298469112344e+21
1.2189998072427501,2.739601036191808e+21
1.2199998051324557,2.811972802401887e+21
1.2209998030002058,2.8588893051399077e+21
1.2219998008457187,2.775585962373269e+21
1.2229997986687071,2.7327151178699563e+21
1.2239997964688794,2.7597062601966077e+21
1.2249997942459394,2.8500089954544103e+21
1.2259997919995864,2.8883034092662665e+21
1.2269997897295148,2.673528629999859e+21
1.2279997874354136,2.8830340856934606e+21
1.2289997851169672,2.889265248975347e+21
1.229999782773855,2.847143353656156e+21
1.2309997804057504,2.923807380814435e+21
1.231999778012323,2.890816105786361e+21
1.2329997755932358,2.8164282083139456e+21
1.2339997731481465,2.9192710997917696e+21
1.234999770676707,2.8897897069561323e+21
1.2359997681785644,2.917251622695363e+21
1.2369997656533585,2.8841633543824647e+21
1.237999763100724,2.915022656202105e+21
1.2389997605202898,2.8846155148011063e+21
1.239999757911678,2.874754914346596e+21
1.2409997552745045,2.884553589023433e+21
1.2419997526083784,2.8899874778370775e+21
1.2429997499129035,2.861448477596564e+21
1.2439997471876751,2.849580341665547e+21
1.2449997444322831,2.8598134176870013e+21
1.2459997416463096,2.8802832486405054e+21
1.2469997388293295,2.870084874023206e+21
1.247999735980911,2.8795307010703454e+21
1.2489997331006144,2.8884847678615013e+21
1.2499997301879926,2.874355269694645e+21
1.2509997272425906,2.848485575754657e+21
1.2519997242639456,2.8405963955999474e+21
1.2529997212515867,2.8224091358643807e+21
1.2539997182050346,2.7987600174416323e+21
1.254999715123802,2.845639361498423e+21
1.2559997120073925,2.7816868634810154e+21
1.2569997088553009,2.752811723959132e+21
1.2579997056670138,2.816030833211122e+21
1.2589997024420077,2.706003768037148e+21
1.2599996991797504,2.7325528905756343e+21
1.2609996958796998,2.610025525713013e+21
1.261999692541304,2.5117594007023486e+21
1.2629996891640014,2.542466778137205e+21
1.2639996857472202,2.3617728424757224e+21
1.2649996822903777,2.517856048836582e+21
1.2659996787928811,2.453351780946841e+21
1.2669996752541264,2.4740828411819847e+21
1.2679996716734991,2.362965186124577e+21
1.2689996680503726,1.572721215009913e+21
1.2699996643841087,2.474884659606603e+21
1.2709996606740581,2.6099595236749864e+21
1.2719996569195584,2.615446777360715e+21
1.2729996531199357,2.6012011805849294e+21
1.2739996492745027,2.6025143929054807e+21
1.2749996453825594,2.644262690469742e+21
1.275999641443393,2.6758595533422513e+21
1.2769996374562762,2.6977309630434734e+21
1.2779996334204684,2.7488415693153575e+21
1.2789996293352148,2.7311995469456154e+21
1.279999625199746,2.7170702674447795e+21
1.2809996210132781,2.6631267577454946e+21
1.281999616775011,2.4050927994313475e+21
1.2829996124841303,2.6283477476285497e+21
1.2839996081398046,2.7173064135278796e+21
1.284999603741187,2.740159202495053e+21
1.2859995992874136,2.762655476558583e+21
1.2869995947776034,2.7323151845783036e+21
1.2879995902108579,2.7198845502986954e+21
1.2889995855862608,2.6536373459186053e+21
1.289999580902878,2.6783296909352003e+21
1.2909995761597552,2.712935282772739e+21
1.2919995713559205,2.5739970730776037e+21
1.2929995664903815,2.6826419732528077e+21
1.2939995615621258,2.6302263536743093e+21
1.2949995565701202,2.6382892690736315e+21
1.2959995515133107,2.538711563267521e+21
1.2969995463906214,2.421347648039205e+21
1.2979995412009542,2.557329400393002e+21
1.298999535943188,2.6684063848625104e+21
1.299999530616179,2.3078687690089767e+21
1.300999525218759,2.3696010446652026e+21
1.3019995197497356,2.5649385025306666e+21
1.3029995142078907,2.2677611539744744e+21
1.3039995085919813,1.9701897992823922e+21
1.3049995029007375,2.518247316495734e+21
1.3059994971328621,2.5248070094556223e+21
1.3069994912870306,2.009611967703549e+21
1.3079994853618895,2.2812117099836135e+21
1.3089994793560569,2.527853681726366e+21
1.3099994732681195,1.982451328722183e+21
1.3109994670966345,2.1985469404652744e+21
1.3119994608401273,2.1982672280068806e+21
1.3129994544970904,2.0686964231734386e+21
1.3139994480659831,1.9036019456888825e+21
1.314999441545231,1.8883254297062875e+21
1.3159994349332247,2.1439810590409968e+21
1.3169994282283175,2.065874018434792e+21
1.3179994214288273,2.2074615783009674e+21
1.3189994145330335,1.7792836432716704e+21
1.3199994075391766,1.7152654705191763e+21
1.320999400445456,1.9821213265224839e+21
1.3219993932500314,2.0069332981469067e+21
1.3229993859510194,1.5463227428305036e+21
1.3239993785464932,1.7453976486203013e+21
1.3249993710344818,2.1452103356986638e+21
1.3259993634129679,1.8682209036599516e+21
1.3269993556798865,1.7743175068470157e+21
1.3279993478331251,1.5633437416112576e+21
1.3289993398705204,1.1837205644397057e+21
1.3299993317898589,1.5303061328906082e+21
1.3309993235888729,9.656865230558624e+20
1.331999315265241,9.729946237742175e+20
1.3329993068165864,1.3578430304332588e+21
1.3339992982404743,1.1318870519587973e+21
1.3349992895344107,1.5488129897810389e+21
1.3359992806958412,1.2291709703775642e+21
1.3369992717221482,1.1025528454428563e+21
1.3379992626106498,1.194247310867717e+21
1.3389992533585977,1.186786465171973e+21
1.3399992439631752,1.1302708461424248e+21
1.3409992344214945,1.1450914634539397e+21
1.3419992247305965,1.1971562689383018e+21
1.3429992148874463,8.540591431207402e+20
1.3439992048889324,5.0642302104011696e+20
1.3449991947318631,7.328446767078518e+20
1.3459991844129662,3.887371447048311e+20
1.346999173928884,4.020624369849711e+20
1.3479991632761719,2.6522181768310063e+19
1.3489991524512965,1.0398035641106981e+20
1.3499991414506307,1.0307200297819283e+20
1.350999130270453,2.5572566668702052e+19
1.3519991189069422,4.3239760251946957e+18
1.352999107356177,-5.425410865102536e+18
1.35399909561413,-4.187156924717197e+18
1.354999083676666,-6.225866513495059e+18
1.3559990715395385,-6.009771896419931e+18
1.3569990591983847,-5.936498938882315e+18
1.3579990466487237,-6.488742620984707e+18
1.3589990338859512,-6.604509350298652e+18
1.3599990209053352,-6.688613429657207e+18
1.3609990077020129,-6.798624891388182e+18
1.3619989942709858,-6.89574234511914e+18
1.3629989806071148,-6.972903010054641e+18
1.3639989667051162,-7.085819180992836e+18
1.3649989525595558,-7.197553820183171e+18
1.3659989381648447,-7.21385481986763e+18
1.3669989235152336,-7.373726185997773e+18
1.367998908604807,-7.516074135528476e+18
1.3689988934274775,-7.622605130584622e+18
1.3699988779769803,-7.736280516747742e+18
1.370998862246867,-7.852372085252575e+18
1.3719988462304977,-7.94986532306458e+18
1.3729988299210358,-7.780501653051092e+18
1.3739988133114407,-6.968875087899281e+18
1.3749987963944594,-6.093252198082372e+18
1.3759987791626205,-6.673117082749418e+18
1.3769987616082238,-7.733944465842159e+18
1.3779987437233348,-1.0223528573334312e+18
1.3789987254997735,-8.485507380376684e+18
1.3799987069291082,-8.416268673862812e+18
1.3809986880026426,-9.10466019563185e+18
1.3819986687114083,-9.244103924007033e+18
1.382998649046154,-9.405272546315141e+18
1.3839986289973343,-9.547766067124244e+18
1.3849986085550987,-9.68692268509879e+18
1.3859985877092802,-9.836352400516643e+18
1.3869985664493827,-8.620297452677077e+18
1.3879985447645682,-1.0140101703493306e+19
1.388998522643643,-6.267804538162702e+18
1.389998500075044,-7.043911988186345e+18
1.390998477046825,-8.256679256353174e+18
1.39199845354664,-1.0670092873115986e+19
1.3929984295617266,-1.0200254102639583e+19
1.3939984050788912,-1.0662431853933971e+19
1.3949983800844896,-1.1371278802267888e+19
1.3959983545644095,-1.1563449080779205e+19
1.3969983285040506,-1.1410049221330921e+19
1.3979983018883042,-3.010100790291701e+18
1.3989982747015326,-6.430274633364287e+18
1.399998246927546,-1.2355201165568344e+19
1.4009982185495797,-1.2564118507399414e+19
1.401998189550268,1.753887761915985e+17
1.4029981599116208,3.8133181822091756e+18
1.4039981296149942,-7.997070477213207e+18
1.404998098641063,-1.3445589992841923e+19
1.4059980669697905,7.911019009314934e+17
1.406998034580397,-1.2684573620742461e+19
1.407998001451326,-2.475483705150252e+18
1.4089979675602105,-1.0024265569341854e+19
1.4099979328838348,-1.1361110981342697e+19
1.4109978973980972,8.238276765123061e+16
1.4119978610779673,3.5589000152514985e+18
1.4129978238974454,1.5063541701592485e+20
1.4139977858295145,-1.317150447455597e+19
1.4149977468460946,-1.4741550608598673e+19
1.415997706917991,2.371721303683752e+20
1.4169976660148422,6.723175457035735e+19
1.4179976241050618,7.9829089480022e+19
1.418997581155781,-1.9618933048821123e+18
1.4199975371327838,4.15247675469248e+19
1.420997492000443,4.761133359189248e+19
1.421997445721647,3.1325400681740816e+20
1.4229973982577289,4.740868670519159e+19
1.4239973495683842,1.0268665183835066e+20
1.4249972996115898,1.660661119140386e+20
1.4259972483435144,1.7975552074917927e+20
1.426997195718426,3.357770909121518e+20
1.4279971416885908,1.2224309251881923e+19
1.4289970862041692,2.5254483168986222e+20
1.4299970292131035,4.2206552098131686e+20
1.4309969706609977,3.394913024299569e+20
1.431996910490993,-4.109824255933595e+18
1.432996848643632,2.3576844624896138e+20
1.4339967850567155,1.2811435148083816e+20
1.434996719665151,1.3101097070958694e+20
1.4359966524007906,2.5303869308608247e+20
1.4369965831922569,1.914349526146557e+20
1.4379965119647597,7.076138107979215e+19
1.4389964386398997,3.439316228266917e+20
1.439996363135457,2.6070795775847596e+20
1.440996285365169,2.0373526283600062e+20
1.4419962052384887,2.3608468520753945e+20
1.4429961226603305,2.991813139645132e+20
1.443996037530794,4.203697222482179e+20
1.4449959497448726,3.324399253254305e+20
1.4459958591921367,1.37973472800414e+20
1.4469957657563983,2.3295887440014374e+20
1.4479956693153477,8.117402534841976e+20
1.448995569740167,7.126622160754664e+20
1.4499954668951116,1.6700326404499925e+20
1.450995360637061,4.8440658849686315e+19
1.4519952508150384,4.211143310325533e+20
1.4529951372696894,5.6406325631664554e+20
1.4539950198327236,9.706483348989074e+20
1.4549948983263101,4.471554208877191e+20
1.4559947725624274,6.104244880814235e+20
1.4569946423421605,8.188609510844702e+20
1.45799450745494,9.610435111318419e+20
1.4589943676777222,1.1563400242211674e+21
1.459994222774098,5.8536430602694335e+20
1.4609940724933306,6.203675188836122e+20
1.4619939165693099,9.164229983313626e+20
1.4629937547194196,2.7235123659462164e+20
1.4639935866433054,1.0717819081749711e+21
1.4649934120215355,6.401087363557917e+20
1.4659932305141452,4.311939331466122e+20
1.466993041759049,2.1487258721861252e+20
1.4679928453703113,5.1573195385751536e+20
1.4689926409362581,6.46965514243202e+20
1.4699924280174164,3.1158929680022674e+20
1.4709922061442573,7.44524085000471e+19
1.4719919748147294,2.8711342991896792e+20
1.4729917334915543,4.592351448880162e+20
1.4739914815992587,6.590706020348635e+20
1.4749912185209202,1.305724106267137e+21
1.4759909435945835,4.437499890822293e+20
1.4769906561093207,4.4903605526594585e+20
1.47799035530089,4.005548663897948e+20
1.4789900403469456,8.193697627527715e+20
1.479989710361749,3.75110034155535e+20
1.4809893643903198,7.802479913690792e+20
1.4819890014019625,3.543098600754448e+20
1.4829886202830889,1.0243485251530011e+21
1.4839882198292558,9.38974627959238e+20
1.4849877987363131,8.434626907586892e+20
1.4859873555905592,8.285219883532443e+20
1.4869868888577709,3.557027806105358e+20
1.4879863968709663,6.035769234212297e+20
1.4889858778167369,1.3163085125850964e+21
1.4899853297199621,1.2009445564822433e+21
1.4909847504266875,1.3700352400777528e+21
1.491984137584929,1.1157144786649671e+21
1.4929834886231146,1.2405563337068642e+21
1.493982800725852,1.402424618114832e+21
1.4949820708066448,1.2387715169211486e+21
1.4959812954771456,1.1282520023211173e+21
1.4969804710124603,1.5748001564451526e+21
1.4979795933119502,1.2764907036404406e+21
1.4989786578549087,1.4808928473903955e+21
1.4999776596503898,1.7236783712404358e+21
1.500976593180369,1.8294292559055338e+21
1.501975452335313,1.5803672460835918e+21
1.5029742303411078,1.2042306127620932e+21
1.5039729196761624,1.0085537688638173e+21
1.504971511977387,1.1783416815853942e+21
1.5059699979335923,1.7264575042267597e+21
1.5069683671647491,1.6955822173542705e+21
1.5079666080854517,1.591345426509403e+21
1.5089647077508836,1.1516586001159592e+21
1.5099626516836477,1.772414448001012e+21
1.5109604236800178,1.7126739605444187e+21
1.511958005594618,1.6644975965545877e+21
1.5129553771033384,1.5062721258331172e+21
1.513952515445651,1.3583298069199268e+21
1.5149493951496613,1.640637292921202e+21
1.5159459877465844,1.5477932513080157e+21
1.516942261486425,1.462776062899926e+21
1.5179381810741779,1.454105008565217e+21
1.5189337074568925,1.3616673761277402e+21
1.5199287977077542,1.479017167717677e+21
1.5209234050756852,1.519472420451501e+21
1.5219174792998644,1.3887199379568633e+21
1.522910967330258,1.464359861827752e+21
1.523903814649624,1.374770161400842e+21
1.5248959674599614,1.1883800939165162e+21
1.5258873760739515,1.1892957005588026e+21
1.5268779999292608,1.077644209679808e+21
1.5278678146971816,1.1313736678366511e+21
1.5288568219421967,9.948572292254364e+20
1.5298450616306989,7.723107928901266e+20
1.5308326273760549,7.888058481607033e+20
1.531819683513137,7.562800532117257e+20
1.5328064818186427,6.452532555849214e+20
1.533793373979345,4.809901685174566e+20
1.5347808141273793,3.68342966754211e+20
1.5357693447694494,3.40056892636167e+20
1.5367595605415478,2.546807746105634e+20
1.5377520486339058,1.863206639304951e+20
1.5387473124513675,1.5695767631046663e+20
1.5397456937719098,8.21925857028856e+19
1.540747313859759,1.2684546827103499e+20
1.541752051450706,1.6548344495598833e+20
1.5427595647667927,2.4576691314493568e+20
1.5437693504031917,3.221324244959653e+20
1.5447808211696903,4.500413274013656e+20
1.5457933824303136,5.306533129566125e+20
1.5468064916783753,6.19686946344214e+20
1.547819694781758,6.735695072417718e+20
1.5488326400537062,8.269506686771886e+20
1.5498450757175404,8.970521346743378e+20
1.5508568374384062,9.947726732643427e+20
1.5518678316029542,1.0909979221248813e+21
1.5528780182448099,1.1674321593711863e+21
1.5538873957995083,1.1900747279617934e+21
1.554895988595774,1.280415982514506e+21
1.5559038371959593,1.3075524954735586e+21
1.5569109912874008,1.4234095959792626e+21
1.5579175046681166,1.458629083778093e+21
1.558923431855367,1.5029471743974643e+21
1.5599288258992032,1.5274282854608756e+21
1.5609337370604648,1.6011071668490275e+21
1.5619382120902472,1.6179816307700295e+21
1.5629422939153823,1.644135127458113e+21
1.5639460215888397,1.6428107544423694e+21
1.5649494304056415,1.707274450251351e+21
1.5659525521158018,1.6949020318797734e+21
1.5669554151881226,1.723541656014697e+21
1.567958045094517,1.6991484341808335e+21
1.5689604645955306,1.6980192521755306e+21
1.569962694015291,1.6157977619509857e+21
1.570964751499193,1.5802722772140666e+21
1.57196665325098,1.6175376399023515e+21
1.5729684137480675,1.603368845222629e+21
1.5739700459352897,1.6757983399592424e+21
1.5749715613980706,1.675322242724591e+21
1.5759729705164576,1.7434196504668498e+21
1.576974282601658,1.5107500043188725e+21
1.5779755060167797,1.6734702998935925e+21
1.5789766482834315,1.6960116773893867e+21
1.5799777161757462,1.768574771211824e+21
1.5809787158032753,1.809963978235172e+21
1.5819796526840608,1.764814962876873e+21
1.5829805318090673,1.8175630718255623e+21
1.58398135769902,1.8371789937850384e+21
1.5849821344545751,1.9219336171393633e+21
1.5859828658006458,1.9046349086240575e+21
1.5869835551255975,1.890092812545451e+21
1.5879842055159448,1.8808154368786962e+21
1.5889848197870988,1.7370104202845977e+21
1.5899854005106493,1.8184718892124629e+21
1.5909859500385992,1.8254591628495204e+21
1.5919864705249214,1.913164884629204e+21
1.5929869639447551,1.9670813323366126e+21
1.593987432111527,1.9553026423168838e+21
1.5949878766922376,1.9760779740317905e+21
1.5959882992211287,1.8705606871596789e+21
1.596988701111921,1.8942587945559882e+21
1.5979890836687825,1.957166994716017e+21
1.5989894480961757,1.863202271654628e+21
1.599989795507707,1.835592374496674e+21
1.600990126934091,1.7195653421079016e+21
1.6019904433303265,1.7304495027629056e+21
1.6029907455821715,1.7326779379080458e+21
1.6039910345119899,1.7720244850781538e+21
1.6049913108840428,1.8433129462276995e+21
1.6059915754092768,1.8835476599067344e+21
1.6069918287496663,1.8184924729183356e+21
1.607992071522153,1.7968194121229816e+21
1.6089923043022285,1.7785199694057594e+21
1.609992527627191,1.7030613163093176e+21
1.6109927419991104,1.780469202611737e+21
1.6119929478875352,1.8153806497945776e+21
1.6129931457319573,1.8703251111896013e+21
1.6139933359440704,1.8826991343139608e+21
1.614993518909829,1.9069793310145055e+21
1.6159936949913376,1.8238488159467723e+21
1.616993864528581,1.860139249914781e+21
1.6179940278410099,1.9348676768487446e+21
1.6189941852289982,1.916807935287034e+21
1.619994336975182,1.8661389768469504e+21
1.6209944833456906,1.8669350584674463e+21
1.6219946245912804,1.895695861642248e+21
1.6229947609483801,1.9381769456364398e+21
1.6239948926400534,1.9423282675339276e+21
1.624995019876889,1.9047266705589115e+21
1.6259951428578219,1.9223761107333218e+21
1.6269952617708938,1.933296301241383e+21
1.6279953767939548,1.9393612222121695e+21
1.6289954880953157,1.942367405583802e+21
1.6299955958343508,1.9045648105520486e+21
1.6309957001620572,1.9193164405278887e+21
1.6319958012215747,1.922555954265949e+21
1.6329958991486688,1.8789965057679373e+21
1.6339959940721775,1.8821619324784083e+21
1.6349960861144306,1.8910676397401925e+21
1.6359961753916366,1.9071251990445553e+21
1.636996262014245,1.8398643056571386e+21
1.6379963460872835,1.7845377407549023e+21
1.6389964277106723,1.7878684306583317e+21
1.6399965069795184,1.7470957286792922e+21
1.6409965839843887,1.785888996758512e+21
1.6419966588115669,1.797680418370774e+21
1.642996731543293,1.7541343057357685e+21
1.6439968022579878,1.8236510509397584e+21
1.6449968710304625,1.7811916233402032e+21
1.6459969379321144,1.7767799630533996e+21
1.6469970030311132,1.8628863079433503e+21
1.6479970663925725,1.7722063102092116e+21
1.6489971280787121,1.7913924548241025e+21
1.649997188149011,1.8477162065915326e+21
1.6509972466603493,1.710440374630925e+21
1.6519973036671438,1.838192673750665e+21
1.6529973592214742,1.831779207446145e+21
1.6539974133732014,1.7755529878887494e+21
1.6549974661700804,1.8310542081898615e+21
1.655997517657865,1.8217524412338906e+21
1.6569975678804083,1.8334481755491674e+21
1.657997616879755,1.8569985942139133e+21
1.658997664696231,1.82786768954664e+21
1.659997711368526,1.8470755926895244e+21
1.660997756933773,1.8529174032888892e+21
1.6619978014276215,1.8145798164106052e+21
1.6629978448843095,1.843411018443688e+21
1.6639978873367276,1.8333990056228526e+21
1.664997928816485,1.7577360281202708e+21
1.6659979693539653,1.4828696367894094e+21
1.666998008978386,1.7512891691121068e+21
1.6679980477178495,1.7854969314550258e+21
1.6689980855993947,1.7916747938105155e+21
1.669998122649045,1.8478732251234068e+21
1.6709981588918523,1.824973973262654e+21
1.6719981943519426,1.764751939281391e+21
1.6729982290525536,1.8066940698566845e+21
1.6739982630160757,1.8035095992391602e+21
1.6749982962640884,1.786738259467024e+21
1.6759983288173943,1.7699397449421968e+21
1.676998360696054,1.7783564082081382e+21
1.6779983919194155,1.7531563006445206e+21
1.6789984225061463,1.7872544724871317e+21
1.6799984524742602,1.7255654856037155e+21
1.6809984818411463,1.6328245286333645e+21
1.6819985106235933,1.7118548011363373e+21
1.6829985388378146,1.758862641279807e+21
1.683998566499472,1.666127381145721e+21
1.6849985936236982,1.796619861406201e+21
1.6859986202251178,1.7728737487275654e+21
1.6869986463178668,1.7281172882218088e+21
1.6879986719156141,1.7743114164500441e+21
1.6889986970315776,1.75049340928225e+21
1.6899987216785441,1.7351496129801544e+21
1.690998745868884,1.6325275244921417e+21
1.691998769614569,1.7533691810578718e+21
1.6929987929271868,1.7909110927994003e+21
1.6939988158179553,1.7361365943727874e+21
1.6949988382977381,1.779249462842786e+21
1.6959988603770562,1.776560287733161e+21
1.6969988820661024,1.5373107396919065e+21
1.697998903374752,1.7633801739001077e+21
1.6989989243125758,1.7485182186507893e+21
1.6999989448888508,1.700429438767651e+21
1.7019989849924588,1.7388451335399727e+21
1.704999042652452,1.6893610907892208e+21
1.7099991326176214,1.6100394216784297e+21
1.7149992156705713,1.6305728934482328e+21
1.719999292577854,1.6128740734738741e+21
1.724999364005301,1.5408967487799112e+21
1.7299994305335629,1.5110194077572795e+21
1.7349994926709293,1.4064898943028206e+21
1.7399995508639605,1.4692151155648317e+21
1.7449996055063453,1.35646786791022e+21
1.7499996569463168,1.4563930766120798e+21
1.7549997054928874,1.3492219990637753e+21
1.7599997514211134,1.4152274044715973e+21
1.7649997949765575,1.1784902447160538e+21
1.7699998363790868,1.2613219077678708e+21
1.7749998758261154,1.0250497207220229e+21
1.7799999134953863,8.997779247703421e+20
1.7849999495473612,6.912900377528399e+20
1.7899999841272833,8.009770105415276e+20
1.7950000173669638,4.242366798592408e+20
1.8000000493863324,2.888540695230306e+20
1.8050000802947852,1.3534729973335854e+20
1.8100001101923657,8.930694082780068e+19
1.8150001391707968,3.1255316874729034e+19
1.8200001673143846,1.0580974890043023e+19
1.8250001947008205,1.3497016662988814e+19
1.8300002214018813,2.0875927455691407e+18
1.8350002474840557,2.3454561740674273e+18
1.8400002730090952,2.529402860887176e+18
1.8450002980345077,2.8263249982492416e+18
1.8500003226139945,3.0324747986502845e+18
1.8550003467978442,3.2411498402805765e+18
1.860000370633283,3.574821357785673e+18
1.8650003941647906,3.8601048389636557e+18
1.8700004174343865,3.9296463710530376e+18
1.8750004404818852,4.15769990248524e+18
1.8800004633451306,5.118682154140018e+18
1.8850004860602079,5.028862958777212e+18
1.8900005086616356,6.964521881591994e+18
1.8950005311825446,6.302396405648198e+18
1.9000005536548374,5.303858110570442e+18
1.9050005761093394,5.530320024408475e+18
1.9100005985759365,5.976988279744981e+18
1.9150006210837027,6.179751588448323e+18
1.920000643661021,1.0577457509354693e+19
1.9250006663356933,1.5529172447570987e+19
1.9300006891350465,1.2062760668355697e+19
1.9350007120860326,4.194079596500217e+19
1.9400007352153217,3.9233864086153036e+19
1.9450007585493927,1.1379078016606097e+20
1.9500007821146208,1.718787707280783e+20
1.9550008059373594,1.0670311601598556e+20
1.9600008300440226,2.2433365095821836e+20
1.9650008544611643,2.9099880128135705e+20
1.9700008792155552,4.931455242598099e+20
1.9750009043342605,6.836516427509569e+20
1.9800009298447163,7.619383285604672e+20
1.985000955774806,8.395766121315258e+20
1.9900009821529367,8.675013153454176e+20
1.9950010090081178,8.255301977860895e+20
2.000001036370038,3.945981231323568e+20
2.005001064269147,1.621533334079588e+20
2.010001092736737,4.132502538350779e+20
2.0150011218050285,2.816899745004185e+20
2.020001151507256,4.6911783396089725e+20
2.025001181877759,7.665129194542784e+20
2.030001212952079,8.795612349000761e+20
2.0350012447670527,1.000171898796149e+21
2.0400012773609206,9.351333283196271e+20
2.0450013107734306,9.510804539739468e+20
2.050001345045955,7.14883755178064e+20
2.0550013802216083,5.8228751956865266e+20
2.060001416345374,7.322391947088817e+20
2.0650014534642405,6.583283920445018e+20
2.0700014916273415,6.999289121604557e+20
2.075001530886108,8.249453866766881e+20
2.080001571294428,9.254588572054072e+20
2.085001612908818,9.101719238817542e+20
2.090001655788607,9.548699642564806e+20
2.0950016999961294,9.644441687709714e+20
2.1000017455969338,9.290220838243985e+20
2.105001792660006,1.0061224865441988e+21
2.110001841258009,9.718621938286266e+20
2.1150018914675366,9.96196423383434e+20
2.1200019433693895,9.555089378131284e+20
2.1250019970488716,9.695049535298092e+20
2.1300020525961028,9.8462707894951e+20
2.135002110106364,9.904584654734831e+20
2.1400021696804616,1.0012087523801013e+21
2.145002231425124,9.90382299333316e+20
2.1500022954534237,9.409230749613197e+20
2.1550023618852423,9.460125378300173e+20
2.1600024308477597,9.416719866825253e+20
2.165002502475989,8.589673216089104e+20
2.1700025769133586,9.238783894609653e+20
2.175002654312327,9.099052422735777e+20
2.180002734835063,9.278058648554191e+20
2.185002818654169,8.510210677345165e+20
2.1900029059534702,9.037406968160805e+20
2.1950029969288654,9.059695431770686e+20
2.2000030917892457,8.228090660200297e+20
2.2050031907574934,8.569471752221078e+20
2.210003294071555,9.190601374786539e+20
2.2150034019856104,8.884227251644135e+20
2.2200035147713306,9.079717791524288e+20
2.2250036327192406,8.858334193851211e+20
2.2300037561401904,8.928019895914994e+20
2.235003885366947,8.796734291711252e+20
2.240004020755906,8.698506569650456e+20
2.245004162688944,8.476287348936211e+20
2.250004311575403,8.636511425173683e+20
2.255004467854235,8.191327395342976e+20
2.2600046319962916,8.141585259266929e+20
2.265004804506778,8.317008123069973e+20
2.270004985927869,7.982422172402498e+20
2.27500517684149,7.924980539982791e+20
2.2800053778722575,8.225674692784997e+20
2.2850055896905697,7.899063859676284e+20
2.2900058130158354,7.958233897205069e+20
2.295006048619815,7.776963267086942e+20
2.300006297330038,7.540073072672452e+20
2.305006560033241,7.627213310291234e+20
2.3100068376787672,8.222485442573666e+20
2.315007131281821,7.606842006090687e+20
2.3200074419264536,6.945954830319396e+20
2.325007770768124,7.489124738598656e+20
2.3300081190355986,7.617514450481999e+20
2.33500848803194,7.811592905697209e+20
2.3400088791342126,6.445375765954927e+20
2.3450092937914695,7.164932512965343e+20
2.350009733520467,6.065298568136155e+20
2.3550101998984148,6.83735041329277e+20
2.3600106945519133,7.239015029431337e+20
2.3650112191410573,7.21823015109879e+20
2.370011775337457,5.081655809997216e+20
2.3750123647947206,6.756600525295185e+20
2.3800129891096913,6.654526324962946e+20
2.385013649772495,5.339955484002696e+20
2.3900143481032634,6.191118407219915e+20
2.395015085173244,6.713118274443786e+20
2.4000158617080305,7.250590326598629e+20
2.4050166779708517,6.087100384883523e+20
2.4100175336243845,6.229531231092107e+20
2.415018427570594,5.5593222052779504e+20
2.420019357769684,5.5976603480663825e+20
2.425020321041692,6.51886688786144e+20
2.430021312857556,8.124169541652252e+20
2.435022327130815,4.560674225899463e+20
2.4400233560262676,8.181336487845108e+20
2.445024389807632,5.561958378284032e+20
2.4500254167517332,4.813571100408244e+20
2.4550264231609304,6.337163910550183e+20
2.4600273935067305,7.5241250775819e+20
2.465028310734118,6.509730143493875e+20
2.470029156746304,5.7053752955054516e+20
2.475029913072504,5.777271303180834e+20
2.4800305616975287,4.8192680029811566e+20
2.485031086004003,4.590671694201997e+20
2.490031471750705,4.385163427410875e+20
2.4950317079902633,4.343996893938678e+20
2.5000317878223957,4.889702412993207e+20
2.5050317088894563,4.190256024884793e+20
2.5100314735493825,4.256978964993487e+20
2.5150310887027514,4.0018131764941776e+20
2.520030565297227,3.924559790767828e+20
2.525029917574324,3.80817269799889e+20
2.5300291621517146,3.714307285270656e+20
2.5350283170448824,3.6137382780539404e+20
2.54002740072491,3.503722480886348e+20
2.5450264312888864,3.386366093143428e+20
2.550025425792128,3.2639407796559964e+20
2.5550243997634308,3.1383686273197074e+20
2.560023366900742,3.011399066109646e+20
2.5650223389275446,2.884541150409138e+20
2.570021325580433,2.7590581588671817e+20
2.575020334694922,2.6359768495998756e+20
2.580019372357792,2.5161047411413028e+20
2.5850184430984267,2.4000528083490796e+20
2.590017550097115,2.2882606827580224e+20
2.595016695393982,2.1810222495542264e+20
2.6000158800874,2.0785101827941243e+20
2.60501510451503,1.980798502871602e+20
2.6100143684139905,1.8878826639504458e+20
2.6150136710590375,1.7996969890658543e+20
2.62001301137928,1.7161294825519985e+20
2.6250123880549503,1.637034183019089e+20
2.6300117995962915,1.562241294708335e+20
2.635011244406838,1.4915653677282817e+20
2.6400107208333643,1.4248118022273943e+20
2.6450102272046525,1.361781938535231e+20
2.6500097618610083,1.3022769723640696e+20
2.655009323176239,1.2461009066183003e+20
2.6600089095735515,1.1930627226893705e+20
2.6650085195366175,1.1429779264807602e+20
2.6700081516168197,1.09566959902035e+20
2.675007804437541,1.050969058953649e+20
2.6800074766961766,1.0087162246360544e+20
2.685007167164428,9.687597468703026e+19
2.690006874687319,9.309569693410406e+19
2.6950065981812905,8.951737621898333e+19
2.7000063366316445,8.612842646382818e+19
2.705006089089559,8.29170564799462e+19
2.7100058546688293,7.987223385370336e+19
2.7150056325424767,7.698364641860154e+19
2.7200054219393057,7.424166259213264e+19
2.7250052221404877,7.163729153634819e+19
2.730005032476222,6.916214384888362e+19
2.735004852322509,6.680839329342138e+19
2.7400046810980583,6.456873992453271e+19
2.7450045182613474,6.2436374842722525e+19
2.7500043633078466,6.040494672417188e+19
2.7550042157673995,5.84685302003464e+19
2.7600040752017736,5.662159611066807e+19
2.765003941202365,5.485898361309289e+19
2.7700038133880653,5.317587410971737e+19
2.7750036914032683,5.156776692507668e+19
2.7800035749160275,5.0030456661706105e+19
2.7850034636163374,4.8560012149326905e+19
2.790003357214548,4.715275689950778e+19
2.795003255439895,4.580525097590982e+19
2.8000031580391362,4.4514274213781e+19
2.805003064775297,4.327681053928771e+19
2.810002975426502,4.2090039476231274e+19
2.815002889784904,4.0951298191498715e+19
2.820002807655688,3.985810613621021e+19
2.8250027288561514,3.881063955761305e+19
2.830002653214858,3.785476626377708e+19
2.8350025805708507,3.682922238717407e+19
2.8400025107729263,3.589908219869353e+19
2.8450024436789674,3.5579668992726143e+19
2.850002379155317,3.4150916327447548e+19
2.855002317076208,3.3308428085945106e+19
2.860002257323233,3.2865067710714737e+19
2.8650021997848474,3.4144644422433104e+19
2.870002144355917,3.107270251064055e+19
2.8750020909372966,3.5931447076800713e+19
2.8800020394354355,3.315282867628583e+19
2.8850019897620167,3.5481946083555627e+19
2.8900019418336207,3.0960360550530957e+19
2.8950018955714083,6.645454907793364e+19
2.9000018509008365,3.88685416492006e+19
2.905001807751383,2.8059461157180273e+19
2.9100017660563,6.574682975482423e+19
2.9150017257523753,4.378641780148136e+19
2.920001686779721,6.734752153570233e+19
2.9250016490815676,4.023671504529797e+19
2.9300016126040744,1.1060123260457465e+20
2.9350015772961586,1.191998632450374e+20
2.9400015431093283,4.692304239568532e+19
2.945001509997528,4.386707876874569e+19
2.950001477917001,9.958129486431987e+19
2.9550014468261514,5.627413508500056e+19
2.9600014166854223,8.961136949482884e+19
2.965001387457178,1.3172871630109185e+20
2.970001359105596,2.5588243582782075e+19
2.975001331596565,3.2736937778220675e+19
2.9800013048975904,3.964938807398981e+19
2.985001278977701,1.2384791103396821e+20
2.990001253807371,1.7360703981056e+20
2.9950012293584365,8.299777074523691e+19
3.000001205604025,1.3671866711843239e+20
3.005001182518485,6.161620674739744e+19
3.0100011600773198,1.213424515671218e+20
3.0150011382571287,1.0159088549728893e+20
3.02000111703555,2.6616346461139304e+19
3.025001096391203,1.3095484190804818e+20
3.030001076303643,1.0908611808990913e+20
3.0350010567533077,5.432064008916735e+19
3.0400010377214772,4.685878769326294e+19
3.045001019190229,8.01423533264661e+19
3.050001001142397,3.121852691901603e+19
3.0550009835615377,1.9578246174809793e+19
3.060000966431892,1.1195352006214453e+20
3.0650009497383497,5.957416944631241e+19
3.070000933466423,4.145991895319362e+19
3.0750009176022135,1.074259869619393e+20
3.080000902132383,7.015325271020266e+19
3.0850008870441283,4.121953266882731e+19
3.090000872325157,5.0599076415470035e+19
3.095000857963661,2.3574432252764525e+19
3.100000843948296,8.185143373086556e+19
3.1050008302681595,2.738255774514116e+19
3.11000081691277,2.6029886259819532e+19
3.1150008038720483,4.816617259011864e+19
3.1200007911363,1.666585451136694e+20
3.125000778696196,5.989964959065864e+19
3.1300007665427594,1.0285941479994996e+20
3.135000754667346,1.9255043473633657e+20
3.140000743061634,6.429015171877728e+19
3.145000731717607,6.306666372761157e+19
3.15000072062754,1.1726643340138158e+20
3.1550007097839914,1.0079734075927267e+20
3.1600006991797835,1.5798333967627914e+20
3.1650006888079996,2.3430738009107094e+20
3.1700006786619666,2.1056243359359733e+20
3.1750006687352474,1.582178840503925e+20
3.1800006590216308,1.8057615862643517e+20
3.185000649515123,1.400029944829093e+20
3.1900006402099357,7.835121588136314e+19
3.195000631100482,5.34600255962375e+19
3.200000622181363,1.7085575277747728e+19
3.2050006134473668,1.4894863689772014e+19
3.210000604893454,1.1977974767502799e+19
3.2150005965147552,1.7706610923553575e+19
3.220000588306564,3.5616407083156783e+19
3.225000580264329,1.2647320109993732e+19
3.2300005723836485,1.4848548207092537e+19
3.235000564660264,1.2798118962346865e+20
3.240000557090057,7.019224879252706e+19
3.24500054966904,2.0971116708479185e+19
3.2500005423933547,5.1521943447217185e+19
3.2550005352592657,1.716120950031595e+20
3.2600005282631552,2.8769909793787974e+19
3.26500052140152,4.878159641562676e+19
3.2700005146709663,2.8532350541533696e+19
3.2750005080682065,1.0608501646415305e+20
3.280000501590054,5.557890755376227e+19
3.28500049523342,1.922142876647035e+20
3.2900004889953114,1.531361047986773e+20
3.2950004828728248,2.8302658039017763e+19
3.300000476863145,3.748236794896887e+19
3.3050004709635403,7.34151627015284e+19
3.3100004651713637,7.3128115743700476e+19
3.3150004594840436,7.937144187984186e+18
3.320000453899086,8.588716540640561e+18
3.325000448414069,6.640330020494502e+19
3.330000443026643,8.55719722812824e+19
3.335000437734525,1.5961319906062834e+20
3.3400004325354984,6.545226592573404e+19
3.3450004274274114,6.682146578113081e+19
3.3500004224081716,1.4250509694607627e+20
3.355000417475748,6.837320421694028e+19
3.360000412628166,9.561551805015874e+19
3.3650004078635067,1.2871817878423165e+20
3.370000403179904,7.366327641787306e+19
3.375000398575544,1.5044052615074716e+20
3.3800003940486656,9.367865019282789e+19
3.385000389597551,1.3426535983199353e+20
3.390000385220534,1.74759505420233e+20
3.3950003809159908,1.6966775584931424e+20
3.4000003766823435,2.205513161263303e+20
3.405000372518055,8.282472295047874e+19
3.410000368421631,1.2786556660824624e+20
3.415000364391616,1.3137393631446953e+20
3.420000360426593,2.3286294794432168e+20
3.4250003565251825,1.7866911558532166e+20
3.4300003526860423,1.5612644161581466e+20
3.435000348907863,2.058100779138375e+20
3.4400003451893717,1.4511931562537201e+20
3.4450003415293264,2.022057755426881e+20
3.450000337926518,1.995710088347261e+20
3.4550003343797684,1.5033147962457814e+20
3.460000330887929,2.2401152454949487e+20
3.4650003274498804,1.7696752484433494e+20
3.470000324064532,2.198931717557299e+20
3.4750003207308198,1.9704271359835564e+20
3.4800003174477063,2.021914744779468e+20
3.485000314214181,2.1768844172287505e+20
3.4900003110292577,1.8851661781697184e+20
3.4950003078919734,2.212104657165988e+20
3.50000030480139,2.1534092377263365e+20
3.505000301756592,2.1368921461638264e+20
3.510000298756686,2.1666218324151576e+20
3.5150002958007995,2.0861959639358256e+20
3.5200002928880822,2.199929564092652e+20
3.5250002900177035,2.0793929850005556e+20
3.5300002871888534,2.0283507745404223e+20
3.5350002844007387,1.733291912126231e+20
3.5400002816525875,1.6595867772301253e+20
3.545000278943645,1.752854316927167e+20
3.550000276273174,1.9326312175131984e+20
3.555000273640454,1.6700349394761427e+20
3.560000271044783,1.983196384893523e+20
3.565000268485473,1.9955725727035002e+20
3.5700002659618533,1.5462147127373047e+20
3.5750002634732674,1.6031471063055997e+20
3.5800002610190744,1.8829564812251654e+20
3.5850002585986482,1.701084978931009e+20
3.590000256211376,1.7545687541070427e+20
3.595000253856659,1.7959848782716758e+20
3.600000251533913,1.9053489223207915e+20
3.6050002492425652,1.9251829569569767e+20
3.6100002469820556,1.7674639606459807e+20
3.6150002447518377,1.7683960096387904e+20
3.620000242551376,2.160679018885677e+20
3.6250002403801473,1.9123478959158483e+20
3.6300002382376393,1.862696379354854e+20
3.6350002361233513,1.9278237930059265e+20
3.6400002340367927,2.1465018296131414e+20
3.645000231977485,1.9874146231168755e+20
3.650000229944958,1.9023046281872002e+20
3.6550002279387526,2.0618587990846607e+20
3.6600002259584192,2.0525226089026585e+20
3.6650002240035184,1.9330111667801388e+20
3.670000222073618,1.5006254953192437e+20
3.675000220168298,9.340412949552274e+19
3.680000218287145,1.5838395215501974e+20
3.685000216429754,1.790966293167668e+20
3.69000021459573,1.8402755976330864e+20
3.695000212784685,1.924239791020641e+20
3.700000210996238,2.0654622059288524e+20
3.7050002092300187,2.047780430069651e+20
3.710000207485662,1.787625555677969e+20
3.7150002057628106,1.7637919330751863e+20
3.7200002040611158,1.9813190159629474e+20
3.7250002023802335,2.0440485921185015e+20
3.7300002007198287,1.778472729838935e+20
3.7350001990795723,1.6513756633242904e+20
3.740000197459141,1.7033061762794442e+20
3.745000195858219,1.9846041084049506e+20
3.7500001942764967,1.7904924806953448e+20
3.75500019271367,1.736158600882442e+20
3.760000191169441,1.713855260970121e+20
3.765000189643518,1.6565018564787677e+20
3.7700001881356138,1.7673718057568587e+20
3.7750001866454483,1.755711874368785e+20
3.7800001851727463,1.857183403949261e+20
3.7850001837172367,1.7141130110201404e+20
3.7900001822786558,1.5146445318048114e+20
3.7950001808567433,1.7289656726896905e+20
3.8000001794512435,1.92035823127343e+20
3.8050001780619076,1.816443756444736e+20
3.8100001766884897,1.6152977700443514e+20
3.815000175330749,1.523397256909571e+20
3.8200001739884493,1.8901465373856917e+20
3.8250001726613587,1.863597300412738e+20
3.8300001713492495,1.8825352911425565e+20
3.8350001700518996,1.5177577714300584e+20
3.840000168769089,1.7676987629794522e+20
3.845000167500602,1.7319135928022866e+20
3.8500001662462284,1.743090019291261e+20
3.8550001650057606,1.6832256473434997e+20
3.860000163778995,1.585194388418101e+20
3.8650001625657318,1.607421933053914e+20
3.8700001613657746,1.4653928098230115e+20
3.8750001601789315,1.3503234618929688e+20
3.8800001590050117,1.3073027093487783e+20
3.885000157843831,1.3552485601626538e+20
3.890000156695206,1.378328402776856e+20
3.8950001555589577,1.4963872899563084e+20
3.90000015443491,1.5863184634116787e+20
3.90500015332289,1.5884284744520483e+20
3.9100001522227275,1.4344319967858493e+20
3.915000151134256,1.4067845639284864e+20
3.9200001500573105,1.4004357390610001e+20
3.92500014899173,1.3833195344735537e+20
3.9300001479373567,1.4240851708116152e+20
3.9350001468940348,1.485890618365742e+20
3.9400001458616116,1.4972134148015768e+20
3.9450001448399363,1.526416063744029e+20
3.9500001438288606,1.5453499528762088e+20
3.9550001428282404,1.5654638257953243e+20
3.9600001418379316,1.5728871348828868e+20
3.965000140857795,1.5861546219780332e+20
3.970000139887692,1.5629591473219948e+20
3.975000138927487,1.5305373269421e+20
3.9800001379770467,1.5077282663338718e+20
3.9850001370362396,1.5185613966679084e+20
3.9900001361049373,1.5081476604855566e+20
3.9950001351830124,1.4772115243812867e+20
4.000000134270341,1.4575923239687492e+20
